tree
version=v3
num_class=1
num_tree_per_iteration=1
label_index=0
max_feature_idx=11
objective=binary sigmoid:1
feature_names=Sleepy_complete Simple_reaction_time_Ex5 new_BM_frequency Choice_reaction_time_Ex5 CASIX4 Olfaction_complete_Ex5_Ex4 ECGage new_smoke TBI_LOC BMIX4 HYPBP1 Coffee_oz_Ex1
feature_infos=[0:1] [1:1347] [0:4] [60:1812] [7.5:98.400000000000006] [0:12] [72:90] [0:2] [0:1] [14.6411231134028:39.3445072771772] [0:1] [0:64]
tree_sizes=896 862 872 771 1339 937 808 808 786 1200 1200 1115 1058 1042 1004 770 860 937 893 861 881 934 1192 1027 1034 1119 1379 1075 1042 935 1228 1151 1292 1042 940 947 1236 1256 1294

Tree=0
num_leaves=8
num_cat=0
split_feature=3 9 3 11 6 2 3
split_gain=10.5206 2.35166 3.67546 3.49866 1.38902 1.23134 0.017878
threshold=384.50000000000006 23.625839163599153 568.00000000000011 22.000000000000004 73.500000000000014 1.5000000000000002 469.00000000000006
decision_type=10 8 10 2 2 10 10
left_child=-1 4 5 -4 6 -3 -2
right_child=1 2 3 -5 -6 -7 -8
leaf_value=-1.0027524274592468 -1.213503268487425 -1.213503268487425 -1.0277132515809906 -1.2314285373594407 -1.334136716291189 -1.3170759968153778 -1.2311014717141886
leaf_weight=1.2244246155023581 0.17491780221461972 0.17491780221462372 1.0495068132877348 0.52475340664386738 4.5478628575801849 2.448849231004715 0.1749178022146225
leaf_count=7 1 1 6 3 26 14 1
internal_value=0 -0.430475 0 1.17602 -0.882594 -0.57206 0
internal_weight=0 9.09573 4.19803 1.57426 4.8977 2.62377 0.349836
internal_count=59 52 24 9 28 15 2
shrinkage=1


Tree=1
num_leaves=8
num_cat=0
split_feature=1 9 6 6 9 9 9
split_gain=17.6966 1.58657 1.18764 0.251118 0.454924 0.188245 0.00562662
threshold=581.50000000000011 25.618536566196703 73.500000000000014 74.500000000000014 29.197776415065601 20.273531672803202 20.024929616571104
decision_type=8 8 2 2 10 8 10
left_child=1 2 -1 -3 -5 6 -2
right_child=5 3 -4 4 -6 -7 -8
leaf_value=0 0.0096852265432431691 -0.030820012995298074 -0.1045706179331085 0.062024453309998118 -0 0.26125392762498212 -0
leaf_weight=0.5181764215230914 0.19636172056198176 0.83327651023864868 5.4926004111766815 1.0729620605707166 0.34154175221920002 1.5640511363744736 0.1963617205619812
leaf_count=3 1 5 33 6 2 8 1
internal_value=0 -0.678392 -0.933129 0 0.270139 2.42656 0
internal_weight=0 8.25856 6.01078 2.24778 1.4145 1.95677 0.392723
internal_count=59 49 36 13 8 10 2
shrinkage=0.0975091


Tree=2
num_leaves=8
num_cat=0
split_feature=1 2 9 5 5 11 6
split_gain=14.2888 3.29508 1.1538 0.981154 0.775765 0.192455 0.0311976
threshold=581.50000000000011 1.5000000000000002 25.618536566196703 8.5000000000000018 10.500000000000002 22.000000000000004 73.500000000000014
decision_type=8 10 10 10 10 2 2
left_child=1 2 -1 -4 -3 -2 -6
right_child=5 4 3 -5 6 -7 -8
leaf_value=-0 0.22395812327728429 -0.10422115473792529 0.15641536598508635 -0 0.016996518766569869 0 -0.011663793182920344
leaf_weight=0.46493768692016491 1.7212689518928539 5.9062079191207886 0.58192937076091766 0.1808113902807236 0.17660331726074208 0.41491810977458943 0.63733869791030884
leaf_count=3 8 37 3 1 1 2 4
internal_value=0 -0.641853 0.450257 1.14048 -0.949727 2.08005 -0
internal_weight=0 7.94783 1.22768 0.762741 6.72015 2.13619 0.813942
internal_count=59 49 7 4 42 10 5
shrinkage=0.0975091


Tree=3
num_leaves=7
num_cat=0
split_feature=1 1 5 6 2 9
split_gain=8.04776 2.69629 3.64023 1.09299 1.11123 0.0347303
threshold=581.50000000000011 803.00000000000011 5.5000000000000009 73.500000000000014 1.5000000000000002 28.409696658487253
decision_type=8 10 10 2 8 10
left_child=3 2 -2 5 -5 -1
right_child=1 -3 -4 4 -6 -7
leaf_value=0.025016357761791876 0.19203788095914306 -0.0070043043998350143 -0 0 -0.089929329448535295 -0
leaf_weight=0.15369898080825706 2.4503033906221408 0.46494361758232106 0.44384269416332239 0.37971268594264967 6.2482894212007523 0.15369898080825806
leaf_count=1 11 2 2 2 40 1
internal_value=0 1.11274 1.49601 -0.684877 -0.803583 0
internal_weight=0 3.35909 2.89415 6.9354 6.628 0.307398
internal_count=59 15 13 44 42 2
shrinkage=0.0975091


Tree=4
num_leaves=13
num_cat=0
split_feature=5 4 6 4 5 9 4 6 4 5 5 2
split_gain=3.73878 1.23253 1.08883 1.24756 0.430661 0.32351 0.198697 0.124541 0.102384 0.0906495 0.176568 0.000492416
threshold=4.5000000000000009 84.15000000000002 74.500000000000014 71.65000000000002 7.5000000000000009 24.105781902911954 75.200000000000017 76.500000000000014 74.600000000000009 1.5000000000000002 1.0000000180025095e-35 1.5000000000000002
decision_type=10 2 2 2 10 10 2 2 2 10 10 10
left_child=1 6 4 11 5 -2 8 9 -1 10 -3 -4
right_child=2 7 3 -5 -6 -7 -8 -9 -10 -11 -12 -13
leaf_value=0.025149686820142944 -0 -0 0.0028239131533122509 -0.097674857821328703 -0.023932064341920051 0.088374371793651638 0.13212694581820947 -0.02818361291024938 -0 -0 0.056593708659707115 -0
leaf_weight=1.1745381802320483 0.13672685623168923 0.13672685623168923 0.21315340697765336 4.0355575084686279 0.77197179198265076 0.46014426648616791 1.3048941791057584 0.85211589932441711 0.23203840851783741 0.14517815411090851 0.48495584726333618 0.13672685623168945
leaf_count=5 1 1 1 26 5 3 6 6 1 1 2 1
internal_value=0 0.592571 -0.583728 -0.817014 0 0.610327 0.966881 -0 0.0187646 0.139226 0.336536 0
internal_weight=0 4.33045 5.75428 4.38544 1.36884 0.596871 2.71147 1.61898 1.40658 0.766861 0.621683 0.34988
internal_count=59 22 37 28 9 4 12 10 6 4 3 2
shrinkage=0.0975091


Tree=5
num_leaves=9
num_cat=0
split_feature=3 2 5 4 9 4 3 9
split_gain=5.4552 1.99295 1.63054 0.716576 0.998708 0.321609 0.311407 0.0255623
threshold=781.00000000000011 1.5000000000000002 5.5000000000000009 95.250000000000014 28.163780009574307 87.200000000000017 964.00000000000011 29.197776415065601
decision_type=8 8 10 2 10 2 10 10
left_child=1 5 6 4 -3 -1 -2 -6
right_child=2 3 -4 -5 7 -7 -8 -9
leaf_value=0.080662132954725616 0.14036333770903675 -0.099946582243898366 -0 0 0.021244187046342476 -0 0 -0
leaf_weight=0.43901370465755363 2.1521743983030337 4.9906857758760452 0.36495077610015858 0.70689977705478657 0.16457214951515187 0.15717552602291107 0.47707417607307423 0.45491214096546168
leaf_count=2 9 34 2 5 1 1 2 3
internal_value=0 -0.544772 0.988709 -0.765504 -0.880321 0.491866 1.28034 0
internal_weight=0 6.91326 2.9942 6.31707 5.61017 0.596189 2.62925 0.619484
internal_count=59 46 13 43 38 3 11 4
shrinkage=0.0975091


Tree=6
num_leaves=7
num_cat=0
split_feature=2 5 2 3 4 4
split_gain=4.99856 3.36382 1.11806 1.00504 0.907678 0.404107
threshold=1.5000000000000002 4.5000000000000009 2.5000000000000004 1193.0000000000002 91.200000000000017 92.750000000000014
decision_type=8 10 10 8 2 2
left_child=-1 2 3 4 -2 -6
right_child=1 -3 -4 -5 5 -7
leaf_value=0.14463770652539926 -0.047909968861028274 -0.10214145536223947 -0.047960093933749774 0.11371109873818668 0.11223165894421561 -0
leaf_weight=0.95859062671661277 1.0768014937639243 4.9415423646569252 0.91653408110141743 0.96797315776348092 0.35186891257762898 0.12515553832054138
leaf_count=5 7 35 5 4 2 1
internal_value=0 -0.532557 0.0606347 0.532103 -0 0.809359
internal_weight=0 8.37988 3.43833 2.5218 1.55383 0.477024
internal_count=59 54 19 14 10 3
shrinkage=0.0975091


Tree=7
num_leaves=7
num_cat=0
split_feature=2 5 2 1 3 3
split_gain=4.22661 3.03293 0.984028 0.930031 0.0681569 0.0499694
threshold=1.5000000000000002 4.5000000000000009 2.5000000000000004 549.50000000000011 464.50000000000006 451.50000000000006
decision_type=8 10 10 8 10 10
left_child=-1 2 3 4 5 -2
right_child=1 -3 -4 -5 -6 -7
leaf_value=0.12856760106649859 -0 -0.098822787275685289 -0.045333093242311918 0.092922306146687519 -0.023450641148564277 0.030467723218766229
leaf_weight=1.016763612627982 0.13742846250534124 4.6374003663659096 0.89773394167423237 1.4398879110813139 0.80443719774484623 0.13785932958126068
leaf_count=5 1 35 5 6 6 1
internal_value=0 -0.501801 0.0459963 0.497849 -0 0
internal_weight=0 8.05475 3.41735 2.51961 1.07972 0.275288
internal_count=59 54 19 14 8 2
shrinkage=0.0975091


Tree=8
num_leaves=7
num_cat=0
split_feature=2 5 9 9 2 3
split_gain=3.60595 2.71158 1.08595 1.65074 0.540487 0.149271
threshold=1.5000000000000002 4.5000000000000009 22.099693875181256 25.951391503193655 2.5000000000000004 1193.0000000000002
decision_type=8 10 8 8 10 8
left_child=-1 2 -2 4 -4 -5
right_child=1 -3 3 5 -6 -7
leaf_value=0.11526610809205448 -0.045976090117476852 -0.095669269554502723 0.13250514193178264 -0.035605458601515295 -0 0
leaf_weight=1.064050793647765 1.0604640245437633 4.3500301167368889 1.2293311655521395 0.74556261301040638 0.1185069903731345 0.24986407160758967
leaf_count=5 7 35 6 4 1 1
internal_value=0 -0.475566 0.0250513 0.532134 1.18558 -0
internal_weight=0 7.75376 3.40373 2.34326 1.34784 0.995427
internal_count=59 54 19 12 7 5
shrinkage=0.0975091


Tree=9
num_leaves=12
num_cat=0
split_feature=5 1 1 3 9 4 3 1 11 3 1
split_gain=3.70907 2.60097 3.23141 2.95375 1.73043 1.72289 1.63578 1.52404 0.930177 0.209152 0.151582
threshold=3.5000000000000004 351.50000000000006 307.00000000000006 484.50000000000006 20.896623131096753 79.40000000000002 469.00000000000006 335.50000000000006 56.000000000000007 670.50000000000011 581.50000000000011
decision_type=8 8 10 10 8 2 10 8 2 10 10
left_child=4 2 -2 6 -1 9 -4 -6 -9 -3 -11
right_child=1 5 3 -5 7 -7 -8 8 -10 10 -12
leaf_value=-0 -0.021922902975707117 -0 -0 -0 -0 -0.093825571449178705 0.30791492377457286 0.1784913717430302 -0 -0 0.064446794964905449
leaf_weight=0.34414890408515875 0.77809724956750925 0.29050339758396138 0.108156718313694 0.30115868151187897 0.25266767293214831 3.5088400170207024 0.491768978536129 2.0534478873014455 0.1289844661951064 0.095149405300617218 0.46395842730998993
leaf_count=2 6 2 1 3 2 26 4 9 1 1 2
internal_value=0 -0.15116 0.650988 1.78075 1.1191 -0.629847 2.68042 1.42191 1.67864 0.0657699 0.479404
internal_weight=0 6.03763 1.67918 0.901084 2.77925 4.35845 0.599926 2.4351 2.18243 0.849611 0.559108
internal_count=59 45 14 8 14 31 5 12 10 5 3
shrinkage=0.0975091


Tree=10
num_leaves=12
num_cat=0
split_feature=5 1 1 3 9 1 3 5 11 3 1
split_gain=2.95044 2.14145 2.59985 2.32518 1.49611 1.32261 1.25198 1.24977 0.809667 0.0313268 0.293601
threshold=3.5000000000000004 351.50000000000006 307.00000000000006 484.50000000000006 20.896623131096753 335.50000000000006 469.00000000000006 4.5000000000000009 56.000000000000007 670.50000000000011 1015.5000000000001
decision_type=8 8 10 10 8 8 10 10 2 10 10
left_child=4 2 -2 6 -1 -6 -4 9 -7 -3 -11
right_child=1 7 3 -5 5 8 -8 -9 -10 10 -12
leaf_value=-0 -0.020694800197953531 -0 -0 -0 -0 0.16202569650549548 0.25764016476063373 -0.087290508149474533 -0 0.060499071225109884 -0
leaf_weight=0.34414890408515875 0.76668040454387743 0.29331424087285984 0.10815671831369378 0.30115868151187897 0.25266767293214831 2.0779948681592946 0.59730642288923264 3.1765171959996223 0.1289844661951064 0.47011575102806086 0.22463254630565643
leaf_count=2 6 2 1 3 2 9 4 26 1 2 1
internal_value=0 -0.131506 0.552329 1.52329 0.994299 1.27933 2.26317 -0.592921 1.51966 0 0.17121
internal_weight=0 5.93788 1.7733 1.00662 2.8038 2.45965 0.705463 4.16458 2.20698 0.988063 0.694748
internal_count=59 45 14 8 14 12 5 31 10 5 3
shrinkage=0.0975091


Tree=11
num_leaves=11
num_cat=0
split_feature=5 3 3 9 1 5 9 11 3 1
split_gain=2.37599 1.83411 3.95756 1.30891 1.16514 1.14424 1.14096 0.71668 0.0221949 0.266491
threshold=3.5000000000000004 484.50000000000006 469.00000000000006 20.896623131096753 335.50000000000006 4.5000000000000009 28.163780009574307 56.000000000000007 670.50000000000011 1015.5000000000001
decision_type=8 8 10 8 8 10 10 2 10 10
left_child=3 2 -2 -1 -5 8 -4 -6 -3 -10
right_child=1 5 6 4 7 -7 -8 -9 9 -11
leaf_value=-0 -0.035930519472298784 -0 0.22044386137855149 -0 0.14868464108626223 -0.08450681927398046 -0 -0 0.056855702894606876 -0
leaf_weight=0.34414890408515875 1.0162954702973372 0.29331424087285984 0.68795043230056752 0.25266767293214831 2.0770519673824315 3.0192378088831902 0.124444417655468 0.1289844661951064 0.47515881061553961 0.22463254630565643
leaf_count=2 9 2 4 2 9 26 1 1 2 1
internal_value=0 -0.118932 0.484785 0.888542 1.16082 -0.565836 1.90082 1.38963 0 0.143772
internal_weight=0 5.84103 1.82869 2.80285 2.4587 4.01234 0.812395 2.20604 0.993106 0.699791
internal_count=59 45 14 14 12 31 5 10 5 3
shrinkage=0.0975091


Tree=12
num_leaves=10
num_cat=0
split_feature=3 2 3 3 1 4 6 4 4
split_gain=4.03724 3.67582 2.64802 1.81378 0.975534 0.420863 0.878906 0.336306 0.413744
threshold=504.50000000000006 2.5000000000000004 492.50000000000006 464.50000000000006 539.00000000000011 79.750000000000014 79.500000000000014 87.950000000000017 39.650000000000013
decision_type=10 10 10 8 10 2 2 2 2
left_child=1 2 3 -1 -2 -6 -7 8 -3
right_child=4 7 -4 -5 5 6 -8 -9 -10
leaf_value=-0 -0.066874531447627172 -0 -0 0.23151312271257934 -0.00044900853100381604 -0 0.10434523198815257 -0.041206587867982869 0.080518656010310344
leaf_weight=0.18053556233644563 2.1051095128059392 0.21516443789005257 0.33155294507741923 1.9693770036101341 0.43265868723392481 0.37208306789398166 0.76836463063955296 0.97221967577934254 0.37346151471138
leaf_count=2 22 1 4 10 2 4 5 7 2
internal_value=0 1.07169 1.75032 2.12492 -0.221539 0.0655093 0.532365 -0 0.315638
internal_weight=0 4.04231 2.48147 2.14991 3.67822 1.57311 1.14045 1.56085 0.588626
internal_count=59 26 16 12 33 11 9 10 3
shrinkage=0.0975091


Tree=13
num_leaves=10
num_cat=0
split_feature=9 3 3 1 1 5 9 6 3
split_gain=5.67898 3.42279 2.25326 1.23107 0.868578 0.0638479 0.0157718 0.306896 0.0515831
threshold=23.994554422761151 504.50000000000006 464.50000000000006 1015.5000000000001 498.50000000000006 10.500000000000002 24.105781902911954 86.500000000000014 781.00000000000011
decision_type=8 10 8 8 10 10 8 2 10
left_child=3 2 -2 -1 -4 -5 8 -8 -3
right_child=1 6 4 5 -6 -7 7 -9 -10
leaf_value=-0.077938464490919276 -0 -0 0.22066410989621341 0.022017956268790669 -0 -0 -0.045640206620575316 0 0.034255866879167707
leaf_weight=2.6126961708068852 0.27021301537752185 0.08863519877195325 2.0644515305757527 0.90962329506874062 0.089149326086044187 0.18313398957252505 1.0521794855594633 0.308556228876114 0.12687100470066073
leaf_count=26 3 1 11 4 1 1 9 2 1
internal_value=0 1.16563 1.82964 -0.407863 2.14405 0.0330142 -0 -0.0565302 0.131727
internal_weight=0 4.00006 2.42381 3.70545 2.1536 1.09276 1.57624 1.36074 0.215506
internal_count=59 28 15 31 12 5 13 11 2
shrinkage=0.0975091


Tree=14
num_leaves=10
num_cat=0
split_feature=9 1 11 1 5 9 6 11 5
split_gain=4.68691 2.06225 1.5988 1.12558 0.726666 0.529677 0.315411 0.0955371 0.22803
threshold=23.994554422761151 574.00000000000011 44.000000000000007 1015.5000000000001 11.500000000000002 31.032310365395404 88.500000000000014 22.000000000000004 10.500000000000002
decision_type=8 10 2 8 10 10 2 2 10
left_child=3 2 4 -1 5 6 -2 8 -5
right_child=1 -3 -4 7 -6 -7 -8 -9 -10
leaf_value=-0.07509956785776159 0.17233950800731232 -0 -0 0.053755635469164918 -0 -0 0 -0 -0
leaf_weight=2.4685411378741269 2.8746273294091242 0.42653141915798176 0.30677688121795643 0.69250015914440133 0.11954196542501438 0.083930917084216961 0.2606111317873 0.21691747009754181 0.18313398957252505
leaf_count=26 18 3 3 3 1 1 2 1 1
internal_value=0 1.05143 1.31753 -0.377603 1.51985 1.60905 1.67389 0.0193632 0.277299
internal_weight=0 4.07202 3.64549 3.56109 3.33871 3.21917 3.13524 1.09255 0.875634
internal_count=59 28 25 31 22 21 20 5 4
shrinkage=0.0975091


Tree=15
num_leaves=7
num_cat=0
split_feature=5 11 3 3 2 11
split_gain=5.3362 1.72059 1.73875 2.56798 0.389507 0.140935
threshold=5.5000000000000009 10.000000000000002 484.50000000000006 464.50000000000006 3.5000000000000004 22.000000000000004
decision_type=8 2 10 10 8 2
left_child=4 2 3 -2 5 -1
right_child=1 -3 -4 -5 -6 -7
leaf_value=0.1421532185894023 -0 -0.07492881025736374 -0.02504959273804349 0.19340758701260155 -0 0
leaf_weight=3.2891481295228004 0.4507969692349445 2.329523004591465 0.85803940147161473 0.75570742785930622 0.081868588924407834 0.42243003845214833
leaf_count=17 4 22 9 4 1 2
internal_value=0 -0.14091 0.299618 1.0896 1.31941 1.36787
internal_weight=0 4.39407 2.06454 1.2065 3.79345 3.71158
internal_count=59 39 17 8 20 19
shrinkage=0.0975091


Tree=16
num_leaves=8
num_cat=0
split_feature=5 11 3 3 4 2 4
split_gain=4.45334 1.46891 1.43142 2.16924 0.482523 0.364074 0.222894
threshold=5.5000000000000009 10.000000000000002 481.50000000000006 464.50000000000006 95.750000000000014 1.0000000180025095e-35 60.300000000000004
decision_type=8 2 8 10 2 10 2
left_child=4 2 3 -2 5 -1 -7
right_child=1 -3 -4 -5 -6 6 -8
leaf_value=-0 -0 -0.072031409407206884 -0.023668040781736569 0.17151593093459114 -0 0 0.1363819897207865
leaf_weight=0.081868588924407834 0.4507969692349445 2.2081678062677383 0.84222090989351261 0.81355857849121083 0.1121232286095618 0.41715815663337746 3.2343621551990509
leaf_count=1 4 22 9 4 1 2 16
internal_value=0 -0.134888 0.241904 0.958426 1.1914 1.25525 1.30313
internal_weight=0 4.31474 2.10658 1.26436 3.84551 3.73339 3.65152
internal_count=59 39 17 8 20 19 18
shrinkage=0.0975091


Tree=17
num_leaves=9
num_cat=0
split_feature=5 11 5 5 1 2 5 11
split_gain=3.73589 1.25577 0.925518 0.39275 0.468035 0.297232 0.0687911 0.0643293
threshold=5.5000000000000009 10.000000000000002 9.5000000000000018 11.500000000000002 359.50000000000006 3.5000000000000004 8.5000000000000018 22.000000000000004
decision_type=8 2 8 10 10 8 10 2
left_child=5 2 6 4 -4 7 -2 -1
right_child=1 -3 3 -5 -6 -7 -8 -9
leaf_value=0.11609541122842426 0 -0.069209446255657808 0.13431194799152887 -0 -0 -0 -0.023241126840101784 0
leaf_weight=3.371567614376545 0.46311403065919993 2.0951230376958847 0.61516802012920369 0.1153757870197296 0.1059427335858345 0.081868588924407834 0.83694253116846085 0.41934211552143086
leaf_count=17 3 22 3 1 1 1 9 2
internal_value=0 -0.130537 0.189737 0.916119 1.13418 1.0794 -0 1.12222
internal_weight=0 4.23167 2.13654 0.836487 0.721111 3.87278 1.30006 3.79091
internal_count=59 39 17 5 4 20 12 19
shrinkage=0.0975091


Tree=18
num_leaves=8
num_cat=0
split_feature=3 9 3 3 5 5 4
split_gain=1.26544 1.82959 1.01328 1.10274 1.00162 0.906801 0.744596
threshold=637.00000000000011 23.625839163599153 497.00000000000006 481.50000000000006 8.5000000000000018 2.5000000000000004 95.250000000000014
decision_type=10 10 8 10 10 10 2
left_child=2 -2 3 6 -3 -4 -1
right_child=1 4 5 -5 -6 -7 -8
leaf_value=-0.066839312361069922 -0.019950630923949036 0.15834892501767495 0 0.11308464920446559 -0 -0.092494107593447852 0.0093388311896978743
leaf_weight=1.5439263135194781 0.82014118880033471 0.77056391537189473 0.31455315649509463 0.32563937455415715 0.17549826204776764 3.16643201187253 0.1972566992044448
leaf_count=12 10 4 2 2 1 27 1
internal_value=0 0.332833 -0.462281 0 1.23603 -0.768851 -0.276572
internal_weight=0 1.7662 5.54781 2.06682 0.946062 3.48099 1.74118
internal_count=59 15 44 15 5 29 13
shrinkage=0.0975091


Tree=19
num_leaves=8
num_cat=0
split_feature=1 9 6 3 3 8 4
split_gain=1.16592 0.968955 0.982775 0.968657 0.957206 0.798673 0.68277
threshold=539.00000000000011 23.625839163599153 77.500000000000014 497.00000000000006 481.50000000000006 inf 95.250000000000014
decision_type=10 10 2 8 10 8 2
left_child=3 -2 -3 4 6 -5 -1
right_child=1 2 -4 5 -6 -7 -8
leaf_value=-0.06369078954573161 -0 -0 0.14664109634549916 -0.088511088873642285 0.10615366930950683 0 0.0090103752164020154
leaf_weight=1.4838276058435442 0.53616878762841214 0.50552909076213803 0.60215646028518677 3.0759226046502595 0.33689823746681202 0.36757740005850786 0.19810123741626728
leaf_count=12 5 3 3 30 2 3 1
internal_value=0 0.356102 0.909214 -0.429222 0 -0.731713 -0.236225
internal_weight=0 1.64385 1.10769 5.46233 2.01883 3.4435 1.68193
internal_count=59 11 6 48 15 33 13
shrinkage=0.0975091


Tree=20
num_leaves=8
num_cat=0
split_feature=1 3 9 6 3 5 4
split_gain=0.935584 0.903982 0.848604 0.834848 0.832986 0.656941 0.624019
threshold=539.00000000000011 497.00000000000006 23.625839163599153 77.500000000000014 481.50000000000006 2.5000000000000004 95.250000000000014
decision_type=10 8 10 2 10 10 2
left_child=1 4 -2 -4 6 -3 -1
right_child=2 5 3 -5 -6 -7 -8
leaf_value=-0.060672908379095399 -0 0 -0 0.13279463279450587 0.099821127789466488 -0.084539252351403582 0.0086931648831482175
leaf_weight=1.4272524863481519 0.53616878762841214 0.43612355738878278 0.50552909076213803 0.63718137145042419 0.34655109047889698 2.8343010097742081 0.19891297817230211
leaf_count=12 5 3 3 3 2 30 1
internal_value=0 -0.389146 0.305741 0.828277 0 -0.69387 -0.197357
internal_weight=0 5.24314 1.67888 1.14271 1.97272 3.27042 1.62617
internal_count=59 48 11 6 15 33 13
shrinkage=0.0975091


Tree=21
num_leaves=9
num_cat=0
split_feature=1 1 4 7 5 1 3 6
split_gain=2.30301 3.59747 2.14776 0.767315 0.653937 0.479155 0.392697 0.107213
threshold=340.00000000000006 286.00000000000006 80.550000000000026 1.5000000000000002 2.5000000000000004 539.00000000000011 451.50000000000006 78.500000000000014
decision_type=10 8 2 2 10 10 8 2
left_child=1 -1 5 6 -4 -2 -3 -7
right_child=2 3 4 -5 -6 7 -8 -9
leaf_value=-0.016185238838901241 -0 -0 0 -0 -0.075173237372835711 0 0.17197897859755307 0.11579114258207628
leaf_weight=0.77375732734799429 0.17762310802936543 0.058514162898064437 0.24170149862766296 0.11728680133819568 2.3321872837841511 0.44394309818744643 2.4642905816435814 0.88811461627483357
leaf_count=9 3 1 1 1 23 3 14 4
internal_value=0 1.04079 -0 1.59512 -0.569012 0.79594 1.70655 0.990122
internal_weight=0 3.41385 4.08357 2.64009 2.57389 1.50968 2.5228 1.33206
internal_count=59 25 34 16 24 10 15 7
shrinkage=0.0975091


Tree=22
num_leaves=12
num_cat=0
split_feature=11 5 11 7 3 7 3 2 3 9 4
split_gain=2.07113 1.25765 1.33582 0.59808 0.219088 0.21849 0.665027 0.481605 0.271375 0.210627 0.198914
threshold=18.000000000000004 6.5000000000000009 6.0000000000000009 1.5000000000000002 1.0000000180025095e-35 1.0000000180025095e-35 655.50000000000011 2.5000000000000004 464.50000000000006 16.455807455966404 95.750000000000014
decision_type=2 10 2 2 10 2 8 8 10 8 2
left_child=1 2 -1 9 -2 -3 7 8 -7 -4 -10
right_child=4 5 3 -5 -6 6 -8 -9 10 -11 -12
leaf_value=-0 0 -0.021810376996936404 -0 -0 -0.046781804691126132 -0 -0 -0 0.12512365315109558 0.14214141558164203 -0
leaf_weight=0.74714054912328753 0.18626862764358507 0.81423760578036319 0.041362535208464446 0.11728680133819568 1.2909150049090383 0.074255883693694943 0.42090450227260601 0.16647025570273399 0.70460676401853561 2.8268325105309486 0.048321042209863663
leaf_count=6 1 9 1 1 14 1 3 2 5 15 1
internal_value=0 0.732509 1.06491 1.33562 -0.297765 0 0.298203 0.776249 1.04261 1.42579 1.183
internal_weight=0 5.96142 3.73262 2.98548 1.47718 2.2288 1.41456 0.993654 0.827184 2.8682 0.752928
internal_count=59 44 23 17 15 21 12 9 7 16 6
shrinkage=0.0975091


Tree=23
num_leaves=10
num_cat=0
split_feature=1 1 11 7 5 1 1 11 10
split_gain=1.72524 2.72648 0.911537 0.700033 0.641554 0.359023 0.29101 0.257411 0.245418
threshold=340.00000000000006 286.00000000000006 26.000000000000004 1.5000000000000002 5.5000000000000009 594.50000000000011 539.00000000000011 56.000000000000007 1.0000000180025095e-35
decision_type=10 8 2 2 10 10 10 2 2
left_child=1 -1 3 8 6 -6 -2 -8 -3
right_child=4 2 -4 -5 5 -7 7 -9 -10
leaf_value=-0.013632131947576525 -0 0 -0 -0 -0.059017938928848129 0 0.076597401202339016 -0 0.17999983371578479
leaf_weight=0.74704685062170062 0.65717890858650241 0.61916033923626046 0.17518538236618031 0.11728680133819568 1.6979672238230707 0.58621477335691441 0.90624609589576688 0.12156794220209122 1.8086045384407043
leaf_count=9 4 3 2 1 21 4 4 1 10
internal_value=0 0.865258 1.34295 1.49131 -0 -0.387916 0.342523 0.616382 1.60218
internal_weight=0 3.46728 2.72024 2.54505 3.96917 2.28418 1.68499 1.02781 2.42776
internal_count=59 25 16 14 34 25 9 5 13
shrinkage=0.0975091


Tree=24
num_leaves=10
num_cat=0
split_feature=3 3 4 4 3 1 9 5 4
split_gain=0.925699 1.38348 1.26433 0.887033 0.838711 0.895177 0.715751 0.806997 0.0999186
threshold=504.50000000000006 469.00000000000006 96.750000000000014 86.000000000000014 649.50000000000011 803.00000000000011 23.674097801292504 8.5000000000000018 79.40000000000002
decision_type=10 10 2 2 10 8 10 10 2
left_child=1 8 3 -3 -2 6 -6 -8 -1
right_child=4 2 -4 -5 5 -7 7 -9 -10
leaf_value=0 -0.074498388265939339 -0 -0 0.15323497634085967 -0 -0.070380947398088436 0.11194505347827011 -0 -0.03020440798391651
leaf_weight=0.31202870607376121 2.0944509543478489 0.15704056620597828 0.30463230609893788 1.181702986359596 0.40954038500785855 0.61140142381191243 1.0710770934820173 0.246825911104679 0.84010997787117947
leaf_count=3 25 1 2 6 5 3 5 2 7
internal_value=0 0.319519 0.915412 1.31348 -0.353917 0 0.426264 0.805444 -0.104209
internal_weight=0 2.79551 1.64338 1.33874 4.4333 2.33884 1.72744 1.3179 1.15214
internal_count=59 19 9 7 40 15 12 7 10
shrinkage=0.0975091


Tree=25
num_leaves=11
num_cat=0
split_feature=3 3 11 4 3 3 9 5 4 4
split_gain=0.787967 1.11733 1.77822 2.15671 0.709547 0.75921 0.527109 0.503587 0.30542 0.090891
threshold=504.50000000000006 469.00000000000006 34.000000000000007 96.750000000000014 649.50000000000011 855.00000000000011 23.994554422761151 8.5000000000000018 94.850000000000009 79.40000000000002
decision_type=10 10 2 2 10 10 10 10 2 2
left_child=1 9 3 -3 -2 6 -6 -8 -7 -1
right_child=4 2 -4 -5 5 8 7 -9 -10 -11
leaf_value=0 -0.071554148963038369 0.19144322828692276 -0 -0 -0 -0.073735078283085481 0.10225687813667159 -0 0 -0.02855271968168558
leaf_weight=0.31202870607376121 1.9887822791934013 0.99240007996559121 0.40115433931350697 0.30463230609893799 0.29200964421033893 0.81573927402496316 0.91272917389869668 0.16050392389297485 0.15386389195919037 0.82448937743902206
leaf_count=3 25 5 2 2 4 5 4 1 1 7
internal_value=0 0.26568 0.80174 1.36429 -0.346121 0 0.470092 0.793603 -0.528216 -0.0886434
internal_weight=0 2.8347 1.69819 1.29703 4.32363 2.33485 1.36524 1.07323 0.969603 1.13652
internal_count=59 19 9 7 40 15 9 5 6 10
shrinkage=0.0975091


Tree=26
num_leaves=14
num_cat=0
split_feature=6 6 6 11 1 9 4 11 5 4 9 11 4
split_gain=1.37465 1.3544 0.992356 0.423784 0.39877 0.295134 0.295966 0.284896 0.226572 0.205899 0.188125 0.160007 0.290595
threshold=81.500000000000014 75.500000000000014 86.500000000000014 56.000000000000007 286.00000000000006 31.032310365395404 77.450000000000017 1.0000000180025095e-35 8.5000000000000018 96.750000000000014 20.273531672803202 14.000000000000002 86.000000000000014
decision_type=2 2 2 2 8 10 2 2 10 2 10 2 2
left_child=1 8 -2 4 -3 6 -6 -8 11 10 -9 12 -1
right_child=2 3 -4 -5 5 -7 7 9 -10 -11 -12 -13 -14
leaf_value=-0 -0.10055956266759021 -0 0 -0 0 -0 -0 -0 -0.041875856056535585 -0 0.13749979231258755 -0.013049188966084074 0.064842915622034536
leaf_weight=0.21678782999515561 1.6874330416321757 0.13706450909376222 0.63183599710464478 0.15704056620597828 0.28528743237256998 0.087403416633605846 0.066264465451240429 0.039185978472232715 1.0766102187335489 0.045190081000327953 1.4286040142178533 0.62479850649833679 0.60455566644668579
leaf_count=3 12 2 5 1 3 1 1 1 12 1 8 6 3
internal_value=0 0.186192 -0.667512 0.754559 0.881888 0.997499 1.07968 1.21963 -0.118912 1.30027 1.35794 0 0.344817
internal_weight=0 4.76879 2.31927 2.24604 2.089 1.95194 1.86453 1.57924 2.52275 1.51298 1.46779 1.44614 0.821343
internal_count=59 42 17 18 17 15 14 11 24 10 9 12 6
shrinkage=0.0975091


Tree=27
num_leaves=10
num_cat=0
split_feature=9 11 9 3 3 5 1 9 11
split_gain=1.19817 2.3899 0.901259 1.02744 0.535762 0.610306 0.400621 0.276845 0.0131471
threshold=24.940712636221953 1.0000000180025095e-35 22.900339238196903 781.00000000000011 451.50000000000006 8.5000000000000018 539.00000000000011 23.674097801292504 6.0000000000000009
decision_type=10 2 8 8 8 10 10 10 2
left_child=2 -2 6 -4 -3 -6 8 -5 -1
right_child=1 4 3 7 5 -7 -8 -9 -10
leaf_value=0 -0.028624395352029611 -0 -0.093803144186961951 -0.027569763136205298 0.14079247970167208 -0 0.075393345677613466 0.042031562475841569 -0.010596977569459669
leaf_weight=0.3997257351875303 0.779934942722321 0.12110055983066592 1.8658442348241808 0.45394243299961062 1.7628324814140794 0.12628142908215512 0.36203128099441523 0.75981020927429199 0.73919573053717613
leaf_count=3 6 1 16 2 10 2 2 4 13
internal_value=0 0.567297 -0.192429 -0.55017 1.17805 1.30338 0.144913 0 -0
internal_weight=0 2.79015 4.58055 3.0796 2.01021 1.88911 1.50095 1.21375 1.13892
internal_count=59 19 40 22 13 12 18 6 16
shrinkage=0.0975091


Tree=28
num_leaves=10
num_cat=0
split_feature=9 11 9 1 1 9 3 5 6
split_gain=0.912158 2.03521 0.807187 1.89714 0.584115 0.496695 0.468713 0.534486 0.461945
threshold=24.940712636221953 1.0000000180025095e-35 24.238661247954603 539.00000000000011 250.50000000000003 20.436437811964101 451.50000000000006 8.5000000000000018 79.500000000000014
decision_type=10 2 8 10 10 10 8 10 2
left_child=2 -2 3 5 -4 -1 -3 8 -8
right_child=1 6 4 -5 -6 -7 7 -9 -10
leaf_value=0 -0.027049932318440998 -0 0 0.10656937611851607 -0.096348274249906288 -0.062987228257688793 0.15055554972000623 -0 0
leaf_weight=0.5221864581108101 0.7672742605209355 0.12110055983066592 0.19173158705234519 0.92077535390853893 1.1931214183568952 1.6566717959940431 1.3822089731693266 0.12628142908215512 0.40235818922519673
leaf_count=5 6 1 1 5 8 21 6 2 4
internal_value=0 0.493926 -0.168955 0 -0.733343 -0.370603 1.06357 1.18165 1.31362
internal_weight=0 2.79922 4.48449 3.09963 1.38485 2.17886 2.03195 1.91085 1.78457
internal_count=59 19 40 31 9 26 13 12 10
shrinkage=0.0975091


Tree=29
num_leaves=9
num_cat=0
split_feature=8 4 3 5 9 3 11 3
split_gain=0.880397 2.87429 1.25267 1.07957 0.749261 0.270598 0.195815 0.188316
threshold=inf 84.450000000000017 481.50000000000006 2.5000000000000004 20.436437811964101 479.50000000000006 1.0000000180025095e-35 1193.0000000000002
decision_type=8 2 8 10 10 10 2 8
left_child=1 2 -1 5 -5 -3 -4 -2
right_child=7 3 6 4 -6 -7 -8 -9
leaf_value=-0 -0.07929681587562587 -0 -0 0 -0.07920462584669169 0.058131481802154918 0.13163585477505937 0
leaf_weight=0.30754759907722506 0.74282380938529957 0.18979829549789465 0.043020788580179541 0.52218645811080966 2.3996617384254932 0.78257805109024037 2.101422943174839 0.085766926407814012
leaf_count=3 4 1 1 5 27 4 13 1
internal_value=0 0.221648 1.04106 -0.182168 -0.572644 0.322985 1.30904 -0.676439
internal_weight=0 6.34622 2.45199 3.89422 2.92185 0.972376 2.14444 0.828591
internal_count=59 54 17 37 32 5 14 5
shrinkage=0.0975091


Tree=30
num_leaves=12
num_cat=0
split_feature=6 4 2 1 1 1 9 9 2 6 1
split_gain=1.34993 2.65667 0.786633 0.355722 0.751812 0.345394 0.204651 0.18987 0.248276 0.112169 0.00100447
threshold=80.500000000000014 79.40000000000002 1.5000000000000002 330.50000000000006 355.50000000000006 549.50000000000011 22.900339238196903 19.697395275089352 1.5000000000000002 74.500000000000014 340.00000000000006
decision_type=2 2 10 10 10 10 10 10 10 2 8
left_child=1 -1 10 7 6 -6 -5 -3 -9 -7 -2
right_child=2 3 -4 4 5 9 -8 8 -10 -11 -12
leaf_value=0.1350544691953745 -0 0 -0.081181593248460873 -0 -0.04444110535174358 -0 0.1140610887048777 0 -0.068359791387254495 0.036058836856838757 0.00355097833864528
leaf_weight=1.3783367238938806 0.20665244758129156 0.1392264962196349 1.6922293640673158 0.058584362268448209 1.0960532538592818 0.45865486562252017 0.35837884247303009 0.18460408225655545 1.1485034860670564 0.73909385502338421 0.38344991207122803
leaf_count=7 1 1 13 1 15 3 2 2 8 4 2
internal_value=0 0.344606 -0.492972 -0 0.121583 -0 1.0041 -0.409842 -0.541198 0.159615 0
internal_weight=0 5.56144 2.28233 4.1831 2.71077 2.2938 0.416963 1.47233 1.33311 1.19775 0.590102
internal_count=59 43 16 36 25 22 3 11 10 7 3
shrinkage=0.0975091


Tree=31
num_leaves=11
num_cat=0
split_feature=6 4 6 3 3 1 9 4 2 9
split_gain=1.15232 2.23218 0.730316 0.503641 0.705411 0.711598 0.281196 0.183979 0.12514 0.019353
threshold=80.500000000000014 79.40000000000002 86.500000000000014 781.00000000000011 475.50000000000006 330.50000000000006 20.960765874967304 94.850000000000009 1.0000000180025095e-35 24.320992325957352
decision_type=2 2 2 10 8 10 10 2 10 10
left_child=1 -1 -2 4 5 -3 -6 -7 -8 -4
right_child=2 3 9 -5 6 7 8 -9 -10 -11
leaf_value=0.12427988973890772 -0.081710427653183246 -0.011996742591147833 -0 0.045337677957720771 0 0.10536754906705893 -0 -0 -0.078801200385176753 0.014724559272803368
leaf_weight=1.3838376030325887 1.420184522867203 0.64269289746880565 0.33998168259859074 0.88993283361196496 0.13922649621963534 0.37983614206314087 0.3380599953234199 0.058584362268447883 1.6811119150370357 0.47474421560764313
leaf_count=7 11 6 2 5 1 2 3 1 18 3
internal_value=0 0.325382 -0.45053 -0 -0.252513 0 -0.607901 0.925744 -0.713123 0
internal_weight=0 5.51328 2.23491 4.12944 3.23951 1.08111 2.1584 0.438421 2.01917 0.814726
internal_count=59 43 16 36 31 9 22 3 21 5
shrinkage=0.0975091


Tree=32
num_leaves=13
num_cat=0
split_feature=6 4 2 9 4 11 9 6 5 4 5 6
split_gain=1.00311 1.87942 0.674828 0.216958 0.476003 0.746411 0.487843 0.207029 0.253151 0.0978416 0.0773841 0.000560525
threshold=80.500000000000014 79.40000000000002 1.5000000000000002 24.940712636221953 79.750000000000014 18.000000000000004 22.099693875181256 76.500000000000014 1.5000000000000002 95.750000000000014 1.5000000000000002 86.500000000000014
decision_type=2 2 10 10 2 2 8 2 10 2 10 2
left_child=1 -1 11 4 -3 6 -6 8 -5 -8 -4 -2
right_child=2 3 10 7 5 -7 9 -9 -10 -11 -12 -13
leaf_value=0.11487778185345957 -0 -0 -0 0 -0 -0 0.11080827936918367 0 -0.060149456847846061 -0 -0.080185962241990982 0.0026549424397377137
leaf_weight=1.3817727528512476 0.19946725666523013 0.38867759704589883 0.20513096451759327 0.15714950859546695 0.15797763131558862 0.37440852634608734 1.0679267253726719 0.61918865889310826 1.2638630419969556 0.027619304135441888 1.3979244139045475 0.38213551044464111
leaf_count=7 1 2 2 1 3 7 7 5 10 1 11 2
internal_value=0 0.309697 -0.417518 -0 0.150186 0.514502 0.885573 -0.259872 -0.454057 1.09569 -0.752954 0
internal_weight=0 5.43858 2.18466 4.05681 2.01661 1.62793 1.25352 2.0402 1.42101 1.09555 1.60306 0.581603
internal_count=59 43 16 36 20 18 11 16 11 8 13 3
shrinkage=0.0975091


Tree=33
num_leaves=10
num_cat=0
split_feature=4 11 6 3 3 4 3 5 2
split_gain=2.0446 0.774381 0.522227 0.654994 0.553309 0.665335 0.244828 0.156237 0.0860263
threshold=77.450000000000017 30.000000000000004 75.500000000000014 964.00000000000011 469.00000000000006 96.750000000000014 501.50000000000006 11.500000000000002 1.0000000180025095e-35
decision_type=2 2 2 10 10 2 8 10 10
left_child=1 6 4 -4 -2 7 -1 8 -6
right_child=2 -3 3 -5 5 -7 -8 -9 -10
leaf_value=-0 -0.02992239887274389 -0 -0.075547317402020336 0 -0 -0 0.11548326825139671 -0 0.081512465064369988
leaf_weight=0.064261339604855361 0.62002438306808505 0.19952617585659016 1.641102306544781 0.46885059028863896 0.036263067275286047 0.35904621332883824 1.9534310102462766 0.069204196333885082 1.5855248738080261
leaf_count=1 5 1 21 3 1 3 12 1 11
internal_value=0 0.930867 -0.0816468 -0.472517 0.0256023 0.436431 1.12365 0.738779 0.801876
internal_weight=0 2.21722 4.78002 2.10995 2.67006 2.05004 2.01769 1.69099 1.62179
internal_count=59 14 45 24 21 16 13 13 12
shrinkage=0.0975091


Tree=34
num_leaves=9
num_cat=0
split_feature=1 6 6 5 1 9 1 4
split_gain=1.79277 1.30951 1.0671 0.71871 0.647002 0.615203 0.199882 0.218521
threshold=581.50000000000011 75.500000000000014 72.500000000000014 8.5000000000000018 330.50000000000006 24.105781902911954 514.50000000000011 96.750000000000014
decision_type=8 2 2 10 10 10 10 2
left_child=1 4 -2 -4 -1 -6 7 -7
right_child=2 -3 3 -5 5 6 -8 -9
leaf_value=-0.013551912646169853 -0 -0.07792802954827352 0.11253854394509503 -0 -0 0.10080962541960119 -0 -0
leaf_weight=0.61370918527245555 0.24999149143695865 1.7515042666345833 2.3656202182173733 0.1996826082468032 0.30142203718423832 1.2275489494204519 0.072065584361553081 0.070072375237941631
leaf_count=6 1 22 15 2 5 6 1 1
internal_value=0 -0.149255 0.764374 0.998504 0.137444 0.57585 0.861251 0.94515
internal_weight=0 4.03632 2.81529 2.5653 2.28482 1.67111 1.36969 1.29762
internal_count=59 41 18 17 19 13 8 7
shrinkage=0.0975091


Tree=35
num_leaves=9
num_cat=0
split_feature=1 6 6 5 1 3 5 1
split_gain=1.52821 1.1271 0.98786 0.672737 0.53602 0.327609 0.143663 0.0510001
threshold=581.50000000000011 75.500000000000014 72.500000000000014 8.5000000000000018 330.50000000000006 581.50000000000011 11.500000000000002 376.00000000000006
decision_type=8 2 2 10 10 10 10 10
left_child=1 4 -2 -4 -1 6 7 -6
right_child=2 -3 3 -5 5 -7 -8 -9
leaf_value=-0.012792191921580421 -0 -0.074653177430816259 0.10752223518132205 -0 0.089874570144137009 -0 -0 0
leaf_weight=0.60920285433530885 0.24999149143695865 1.6706024557352064 2.2575137242674832 0.1996826082468032 0.87952058017253854 0.19877553358674041 0.069204196333885082 0.52511507645249367
leaf_count=6 1 22 15 2 4 3 1 5
internal_value=0 -0.148046 0.706762 0.944746 0.0940829 0.514907 0.686256 0.755013
internal_weight=0 3.95242 2.70719 2.4572 2.28182 1.67262 1.47384 1.40464
internal_count=59 41 18 17 19 13 10 9
shrinkage=0.0975091


Tree=36
num_leaves=12
num_cat=0
split_feature=1 6 1 11 1 1 3 3 1 1 1
split_gain=0.576326 1.01255 0.637492 0.627638 0.466217 0.431415 0.369465 0.269864 0.186701 0.0587585 0.0628936
threshold=521.50000000000011 73.500000000000014 803.00000000000011 22.000000000000004 335.50000000000006 941.00000000000011 934.00000000000011 637.00000000000011 355.50000000000006 365.50000000000006 286.00000000000006
decision_type=8 2 10 2 10 10 10 8 10 10 10
left_child=1 9 3 6 -3 -4 7 -2 -6 10 -1
right_child=2 4 5 -5 8 -7 -8 -9 -10 -11 -12
leaf_value=-0 -0 -0.085594029969975546 -0.070133265386263563 -0 0.021852142657156095 0 -0 0.11278515706422272 -0.031142786444761754 -0 0.038583116427103409
leaf_weight=0.07235845923423756 0.07464028149843227 2.1502971760928635 0.46182848513126362 0.26709233969449986 0.53685184568166722 0.39562535285949701 0.23659025877714143 1.1175408586859703 1.0079085212200878 0.10600166395306589 0.63920193910598755
leaf_count=1 1 19 2 2 3 2 2 6 16 2 3
internal_value=0 -0.320916 0.177206 0.593249 -0.602857 -0.0278038 0.867323 1.04966 -0 0.176163 0.296973
internal_weight=0 4.51262 2.55332 1.69586 3.69506 0.857454 1.42877 1.19218 1.54476 0.817562 0.71156
internal_count=59 44 15 11 38 4 9 7 19 6 4
shrinkage=0.0975091


Tree=37
num_leaves=12
num_cat=0
split_feature=1 6 8 3 1 6 1 1 1 1 3
split_gain=0.457805 0.910124 0.562276 0.635188 0.423552 0.264218 0.164702 0.0763315 0.0523351 0.0574512 0.0229986
threshold=521.50000000000011 73.500000000000014 1.0000000180025095e-35 934.00000000000011 335.50000000000006 74.500000000000014 355.50000000000006 941.00000000000011 365.50000000000006 286.00000000000006 964.00000000000011
decision_type=8 2 8 10 10 2 10 8 10 10 10
left_child=1 8 3 5 -3 -2 -6 -4 9 -1 -5
right_child=2 4 7 10 6 -7 -8 -9 -10 -11 -12
leaf_value=-0 -0 -0.082022020843915827 -0.030064837641940418 -0.017017920318000104 0.020569804881265093 0.10471114421147253 -0.029494060109923496 0 -0 0.035862122638846312 0
leaf_weight=0.07235845923423756 0.08163050562143348 2.0467095337808137 0.49660561233758921 0.38109844923019398 0.53796309977769829 0.94169332087039936 0.98268388770520676 0.16785421594977379 0.10600166395306589 0.64852561056613922 0.48493164032697678
leaf_count=1 1 19 3 2 3 4 16 2 2 3 3
internal_value=0 -0.292389 0.145433 0.522446 -0.571935 0.946948 -0 -0.0786888 0.154107 0.271753 -0
internal_weight=0 4.39424 2.55381 1.88935 3.56736 1.02332 1.52065 0.66446 0.826886 0.720884 0.86603
internal_count=59 44 15 10 38 5 19 5 6 4 5
shrinkage=0.0975091


Tree=38
num_leaves=13
num_cat=0
split_feature=5 1 9 1 11 4 9 5 2 11 5 4
split_gain=0.785343 1.20836 0.760914 0.338384 0.439217 0.3163 0.298611 0.627419 0.530132 0.307533 0.12168 0.057895
threshold=5.5000000000000009 941.00000000000011 19.697395275089352 286.00000000000006 22.000000000000004 94.850000000000009 24.238661247954603 6.5000000000000009 2.5000000000000004 14.000000000000002 10.500000000000002 96.750000000000014
decision_type=10 8 10 10 2 2 10 10 10 2 10 2
left_child=1 2 -1 -2 6 -4 7 -5 -9 10 -8 -11
right_child=3 -3 5 4 -6 -7 9 8 -10 11 -12 -13
leaf_value=0 -0 0.0081815142014428025 -0.10874567835220598 -0 -0 0 -0.032241650552935437 0.12956301141540214 -0 0.062444173000055891 0 -0
leaf_weight=0.21280105412006456 0.5428967680782083 0.56347956880927075 2.022258080542088 0.20765762776136479 0.40408780798315991 0.089306287467479581 0.9239077679812906 0.94240741431713093 0.12932813353836536 0.46780858933925618 0.29414729028940201 0.035612855106592178
leaf_count=1 7 4 13 4 7 1 10 4 3 2 2 1
internal_value=0 -0.463693 -0.839811 0.144548 0.33681 -1.03528 0.507119 0.839967 1.11395 0 -0.11269 0.572251
internal_weight=0 2.88784 2.32437 3.94785 3.40496 2.11156 3.00087 1.27939 1.07174 1.72148 1.21806 0.503421
internal_count=59 19 15 40 33 14 26 11 7 15 12 3
shrinkage=0.0975091


end of trees

feature importances:
Choice_reaction_time_Ex5=62
Simple_reaction_time_Ex5=61
Olfaction_complete_Ex5_Ex4=46
BMIX4=44
CASIX4=40
ECGage=32
Coffee_oz_Ex1=29
new_BM_frequency=22
new_smoke=4
TBI_LOC=3
HYPBP1=1

parameters:
[boosting: gbdt]
[objective: binary]
[metric: auc]
[tree_learner: serial]
[device_type: cpu]
[data: ]
[valid: ]
[num_iterations: 100]
[learning_rate: 0.0975091]
[num_leaves: 21]
[num_threads: 4]
[max_depth: 25]
[min_data_in_leaf: 1]
[min_sum_hessian_in_leaf: 0.001]
[bagging_fraction: 0.338711]
[pos_bagging_fraction: 1]
[neg_bagging_fraction: 1]
[bagging_freq: 3]
[bagging_seed: 3]
[feature_fraction: 0.762063]
[feature_fraction_bynode: 1]
[feature_fraction_seed: 2]
[early_stopping_round: 0]
[first_metric_only: 0]
[max_delta_step: 0]
[lambda_l1: 0.674952]
[lambda_l2: 0.373958]
[min_gain_to_split: 0]
[drop_rate: 0.1]
[max_drop: 50]
[skip_drop: 0.5]
[xgboost_dart_mode: 0]
[uniform_drop: 0]
[drop_seed: 4]
[top_rate: 0.2]
[other_rate: 0.1]
[min_data_per_group: 100]
[max_cat_threshold: 32]
[cat_l2: 10]
[cat_smooth: 10]
[max_cat_to_onehot: 4]
[top_k: 20]
[monotone_constraints: ]
[feature_contri: ]
[forcedsplits_filename: ]
[forcedbins_filename: ]
[refit_decay_rate: 0.9]
[cegb_tradeoff: 1]
[cegb_penalty_split: 0]
[cegb_penalty_feature_lazy: ]
[cegb_penalty_feature_coupled: ]
[verbosity: 1]
[max_bin: 181]
[max_bin_by_feature: ]
[min_data_in_bin: 3]
[bin_construct_sample_cnt: 200000]
[histogram_pool_size: -1]
[data_random_seed: 1]
[output_model: LightGBM_model.txt]
[snapshot_freq: -1]
[input_model: ]
[output_result: LightGBM_predict_result.txt]
[initscore_filename: ]
[valid_data_initscores: ]
[pre_partition: 0]
[enable_bundle: 1]
[max_conflict_rate: 0]
[is_enable_sparse: 1]
[sparse_threshold: 0.8]
[use_missing: 1]
[zero_as_missing: 0]
[two_round: 0]
[save_binary: 0]
[header: 0]
[label_column: ]
[weight_column: ]
[group_column: ]
[ignore_column: ]
[categorical_feature: ]
[predict_raw_score: 0]
[predict_leaf_index: 0]
[predict_contrib: 0]
[num_iteration_predict: -1]
[pred_early_stop: 0]
[pred_early_stop_freq: 10]
[pred_early_stop_margin: 10]
[convert_model_language: ]
[convert_model: gbdt_prediction.cpp]
[num_class: 1]
[is_unbalance: 0]
[scale_pos_weight: 1]
[sigmoid: 1]
[boost_from_average: 1]
[reg_sqrt: 0]
[alpha: 0.9]
[fair_c: 1]
[poisson_max_delta_step: 0.7]
[tweedie_variance_power: 1.5]
[max_position: 20]
[lambdamart_norm: 1]
[label_gain: ]
[metric_freq: 1]
[is_provide_training_metric: 0]
[eval_at: ]
[multi_error_top_k: 1]
[num_machines: 1]
[local_listen_port: 12400]
[time_out: 120]
[machine_list_filename: ]
[machines: ]
[gpu_platform_id: -1]
[gpu_device_id: -1]
[gpu_use_dp: 0]

end of parameters

pandas_categorical:[]
