tree
version=v3
num_class=1
num_tree_per_iteration=1
label_index=0
max_feature_idx=11
objective=binary sigmoid:1
feature_names=Sleepy_complete Simple_reaction_time_Ex5 new_BM_frequency Choice_reaction_time_Ex5 CASIX4 Olfaction_complete_Ex5_Ex4 ECGage new_smoke TBI_LOC BMIX4 HYPBP1 Coffee_oz_Ex1
feature_infos=[0:1] [1:1347] [0:4] [1:1812] [7.5:98.400000000000006] [0:12] [72:90] [0:2] [0:1] [14.6411231134028:39.3445072771772] [0:1] [0:64]
tree_sizes=1284 1080 1047 868 940 877 866 877 871 1236 1391 1389 1054 1157 1240 1396 1420 1318 758 681 679 950 678 1042 941 1033 845 997 1269 1271 1120 1204 936 1006 1007 1116 1025 1029 1310 946 951 950 929 945 942 857 604 861 1314 1062 1063 941 944 973 948 1171 838 1207 1294 1044

Tree=0
num_leaves=12
num_cat=0
split_feature=5 3 3 3 3 3 5 3 9 3 3
split_gain=12.0477 1.44787 2.53434 1.40994 2.35418 2.01991 1.12579 0.89355 0.0582967 0.0220284 0.0158086
threshold=4.5000000000000009 502.50000000000006 444.00000000000006 492.50000000000006 469.00000000000006 759.00000000000011 10.500000000000002 734.00000000000011 25.735646841828352 857.50000000000011 530.50000000000011
decision_type=2 10 8 8 10 10 2 10 10 10 10
left_child=1 2 -1 4 -2 -5 -6 8 -3 -7 -10
right_child=3 7 -4 5 6 9 -8 -9 10 -11 -12
leaf_value=-1.1990828190317442 -1.2560603693053844 -1.2216758849981748 -0.91594120590142081 -1.3033405934254521 -1.02400608382814 -1.1862096345900537 -1.1990828190317442 -1.0839600982218958 -1.1990828190317442 -1.1990828190317442 -1.1825804369266029
leaf_weight=0.17798206210136425 1.2458744347095487 0.71192824840545632 1.245874434709549 4.6275336146354675 0.5339461863040923 0.88991031050682046 0.17798206210136414 0.35596412420272816 0.17798206210136414 0.17798206210136414 0.17798206210136414
leaf_count=1 7 4 7 26 3 5 1 2 1 1 1
internal_value=0 1.74407 2.48743 -0.533873 0 -0.780553 1.28788 0.262508 -0 0 0
internal_weight=0 2.84771 1.42386 7.65323 1.9578 5.69543 0.711928 1.42386 1.06789 1.06789 0.355964
internal_count=59 16 8 43 11 32 4 8 6 6 2
shrinkage=1


Tree=1
num_leaves=10
num_cat=0
split_feature=1 3 11 1 3 6 1 9 6
split_gain=5.87766 4.42532 4.3296 3.73389 4.30358 1.98575 0.567565 0.156029 0.0553583
threshold=619.00000000000011 492.50000000000006 6.0000000000000009 286.00000000000006 444.00000000000006 72.500000000000014 353.50000000000006 21.846085884799304 74.500000000000014
decision_type=8 10 2 10 10 2 10 10 2
left_child=1 3 7 -1 -5 -4 8 -2 -3
right_child=2 6 5 4 -6 -7 -8 -9 -10
leaf_value=-0.045836904697830423 0.012524301567346303 0.015935728391863208 -0 -0 0.22830707112390314 0.25033958129215156 -0.10031901907608942 -0.033656864627063333 -0.019063459593456972
leaf_weight=1.0405962765216821 0.18887107074260823 0.17955675721168507 0.16797694563865653 0.52302774786949147 1.195599317550659 1.3637413829565046 4.2509741634130478 0.8577338308095932 0.68759575486183167
leaf_count=6 1 1 1 3 6 7 25 5 4
internal_value=0 -0.307858 1.31926 0.529845 1.43364 2.22896 -0.887693 -0 -0
internal_weight=0 7.87735 2.57832 2.75922 1.71863 1.53172 5.11813 1.0466 0.867153
internal_count=59 45 14 15 9 8 30 6 5
shrinkage=0.0975091


Tree=2
num_leaves=10
num_cat=0
split_feature=5 7 7 3 9 9 3 1 1
split_gain=8.30169 2.49563 2.13329 1.33997 1.43609 0.77087 1.00517 0.372307 0.827952
threshold=4.5000000000000009 1.0000000180025095e-35 1.5000000000000002 444.00000000000006 26.849200958183754 25.609157922793305 469.00000000000006 387.00000000000006 619.00000000000011
decision_type=2 2 2 8 10 8 10 10 10
left_child=2 5 3 -1 -5 6 -2 -8 -9
right_child=1 -3 -4 4 -6 -7 7 8 -10
leaf_value=-0 -0 -0.096790273946955094 -0 0.19556636219121093 -0 -0.041092057528782581 0.13351885047555884 -0.0260354340061036 0.095367674555077275
leaf_weight=0.17798206210136491 0.50537715852260667 3.9181600660085678 0.34798708558082569 2.4858558177948002 0.16835591197013844 0.98871080577373471 0.64277610182762135 0.79166986048221566 0.40472105145454407
leaf_count=1 3 24 2 12 1 6 3 5 2
internal_value=0 -0.476786 1.36213 1.64989 1.82336 0 0.441072 0.83256 0
internal_weight=0 7.25142 3.18018 2.83219 2.65421 3.33325 2.34454 1.83917 1.19639
internal_count=59 43 16 14 13 19 13 10 7
shrinkage=0.0975091


Tree=3
num_leaves=8
num_cat=0
split_feature=5 1 6 9 6 1 1
split_gain=9.96372 5.71839 3.8965 3.04531 1.81821 0.613042 0.0149177
threshold=4.5000000000000009 573.50000000000011 77.500000000000014 29.016850493996653 73.500000000000014 300.50000000000006 286.00000000000006
decision_type=2 10 2 10 2 8 10
left_child=3 5 -3 4 -1 6 -2
right_child=1 2 -4 -5 -6 -7 -8
leaf_value=-0 -0.011835302005302396 -0.0088279921474366529 0.22227184436898695 -0 0.21424334415742938 -0.105225273926583 0
leaf_weight=0.18488357961177904 0.6386292129755019 0.61806653439998605 0.68953871726989757 0.38473615050315846 2.2642086744308472 5.4576991945505142 0.22447994351387024
leaf_count=1 4 4 4 2 10 33 1
internal_value=0 -0.51195 0.986864 1.56656 1.96655 -0.960637 -0
internal_weight=0 7.62841 1.30761 2.83383 2.44909 6.32081 0.863109
internal_count=59 46 8 13 11 38 5
shrinkage=0.0975091


Tree=4
num_leaves=9
num_cat=0
split_feature=5 9 4 6 2 0 9 2
split_gain=7.91264 2.5194 2.50026 1.5009 1.47129 1.30658 1.20065 0.733468
threshold=4.5000000000000009 29.016850493996653 75.800000000000026 73.500000000000014 1.0000000180025095e-35 1.0000000180025095e-35 22.815543116602104 1.5000000000000002
decision_type=2 10 2 2 8 10 10 10
left_child=1 3 6 -1 -4 -6 -2 -8
right_child=2 -3 4 -5 5 -7 7 -9
leaf_value=-0 -0 -0 0.019200324887773151 0.18734795567294441 -0.10318742713695245 0 -0 0.14817876804586819
leaf_weight=0.18488357961177904 0.47553475201129886 0.38473615050315846 0.17039731144905079 2.3834183216094971 5.6079075485467911 0.37471261620521534 0.14584852755069733 0.59981998801231373
leaf_count=1 3 2 1 10 36 2 1 3
internal_value=0 1.36056 -0.476121 1.7174 -0.777154 -0.92103 0.444116 1.16335
internal_weight=0 2.95304 7.37422 2.5683 6.15302 5.98262 1.2212 0.745669
internal_count=59 13 46 11 39 38 7 4
shrinkage=0.0975091


Tree=5
num_leaves=8
num_cat=0
split_feature=5 3 9 0 4 3 2
split_gain=6.28386 2.86732 2.14335 1.42714 0.991728 0.649813 0.221125
threshold=4.5000000000000009 667.50000000000011 29.016850493996653 1.0000000180025095e-35 80.90000000000002 759.00000000000011 1.5000000000000002
decision_type=2 10 10 10 2 10 10
left_child=2 3 -1 -2 5 -3 -6
right_child=1 4 -4 -5 6 -7 -8
leaf_value=0.14910258244133306 -0.098977104527796872 -0 -0 0 0.018548224182853252 0.13400518165303482 -0.037428508889700222
leaf_weight=2.6341436505317692 4.8911940306425095 0.14826823770999897 0.38473615050315846 0.22447994351387013 0.17224264144897439 0.63615240156650543 0.99270349740982045
leaf_count=11 33 1 2 1 1 3 7
internal_value=0 -0.433294 1.20055 -0.853367 0.338499 1.04209 -0
internal_weight=0 7.06504 3.01888 5.11567 1.94937 0.784421 1.16495
internal_count=59 46 13 34 12 4 8
shrinkage=0.0975091


Tree=6
num_leaves=8
num_cat=0
split_feature=3 5 4 5 4 11 4
split_gain=7.48151 1.9412 1.8076 2.10374 1.73909 1.05028 0.31398
threshold=655.50000000000011 1.0000000180025095e-35 62.250000000000007 7.5000000000000009 94.65000000000002 56.000000000000007 97.100000000000009
decision_type=8 2 2 2 2 2 2
left_child=1 -1 -2 5 -3 -4 -6
right_child=2 4 3 -5 6 -7 -8
leaf_value=0.051428475444866381 -0 -0.096602945437203852 0.19666052670336059 -0 0.055763474870729648 -0 -0.0055186611428667967
leaf_weight=0.4801613986492147 0.24917657673359039 5.6520080268383026 2.077415645122529 0.29940985143184651 0.57662560045719125 0.12645871937274922 0.59234768897294998
leaf_count=2 1 36 10 2 3 1 4
internal_value=0 -0.567498 1.26585 1.53928 -0.76179 1.86029 0
internal_weight=0 7.30114 2.75246 2.50328 6.82098 2.20387 1.16897
internal_count=59 45 14 13 43 11 7
shrinkage=0.0975091


Tree=7
num_leaves=8
num_cat=0
split_feature=1 5 2 5 3 1 1
split_gain=5.98291 1.76517 1.53637 1.77298 0.772895 0.554802 1.47347
threshold=530.50000000000011 1.0000000180025095e-35 3.5000000000000004 7.5000000000000009 645.50000000000011 351.50000000000006 329.50000000000006
decision_type=8 2 8 2 8 10 10
left_child=1 -1 3 4 -2 6 -3
right_child=2 5 -4 -5 -6 -7 -8
leaf_value=0.048450378168354846 -0 -0.0745063280680206 -0 -0 0.17279750340659483 -0.09672130362123596 0.045545773252332264
leaf_weight=0.48282104730605974 0.11280864477157804 1.6036494672298434 0.24917657673358903 0.29940985143184651 2.1795040816068649 3.8422726914286613 1.1165461242198942
leaf_count=2 1 10 1 2 10 27 6
internal_value=0 -0.525171 1.10658 1.35847 1.64853 -0.720406 -0.045223
internal_weight=0 7.04529 2.8409 2.59172 2.29231 6.56247 2.7202
internal_count=59 45 14 13 11 43 16
shrinkage=0.0975091


Tree=8
num_leaves=8
num_cat=0
split_feature=3 9 4 5 4 5 4
split_gain=4.75134 2.07045 1.98299 1.61203 1.50742 1.11781 0.269793
threshold=655.50000000000011 22.735008651320403 62.250000000000007 1.0000000180025095e-35 94.65000000000002 9.5000000000000018 97.100000000000009
decision_type=8 8 2 2 2 2 2
left_child=3 -2 -3 -1 -5 -4 -6
right_child=1 2 5 4 6 -7 -8
leaf_value=0.045676790736373207 -0 -0 0.18021981323012184 -0.089409415880159229 0.051517576196503025 -0 -0.0024395392333043052
leaf_weight=0.48480136692523856 0.47915507853031281 0.24917657673358953 2.0335461944341664 5.1324951648712158 0.59043882787227608 0.15114161372184742 0.57233671098947525
leaf_count=2 3 1 9 36 3 1 4
internal_value=0 0.963706 1.35078 -0.487275 -0.684218 1.66653 0
internal_weight=0 2.91302 2.43386 6.78007 6.29527 2.18469 1.16278
internal_count=59 14 11 45 43 10 7
shrinkage=0.0975091


Tree=9
num_leaves=12
num_cat=0
split_feature=1 4 9 5 1 1 3 11 5 1 3
split_gain=2.65367 2.70772 2.55703 1.02543 0.759422 0.619684 0.605968 0.351255 0.0954117 0.103477 0.0462825
threshold=573.50000000000011 94.65000000000002 23.955811960305954 10.500000000000002 364.00000000000006 322.00000000000006 578.50000000000011 22.000000000000004 11.500000000000002 333.50000000000006 777.00000000000011
decision_type=8 2 8 2 10 10 8 2 2 10 10
left_child=1 4 7 -3 5 -1 -4 10 9 -7 -2
right_child=2 3 6 -5 -6 8 -8 -9 -10 -11 -12
leaf_value=-0.053498674377784154 -0 0.13434815207863537 -0 -0 -0.096166673403230513 -0 0.14584073908075054 -0.055674296945719397 -0 0.054830501530007313 0.022698905049210103
leaf_weight=1.3425370231270783 0.14826823771000019 0.60809721052646637 0.11339348554611239 0.27271408587694168 3.0867212265729904 0.49488203227519967 1.8964543044567106 0.70236653089523315 0.11653564125299444 0.58074985444545757 0.48698073625564575
leaf_count=10 1 3 1 2 23 2 8 3 1 3 2
internal_value=0 -0.327551 0.717522 0.81763 -0.659372 -0 1.36982 -0 0.256432 0.369951 0.0191932
internal_weight=0 6.50224 3.34746 0.880811 5.62143 2.5347 2.00985 1.33762 1.19217 1.07563 0.635249
internal_count=59 44 15 5 39 16 9 6 6 5 3
shrinkage=0.0975091


Tree=10
num_leaves=14
num_cat=0
split_feature=1 9 3 1 9 5 6 3 3 3 11 3 1
split_gain=2.18235 2.1726 1.1971 1.26835 1.025 0.713595 1.0883 0.612002 0.539026 0.537117 0.309451 0.0416559 0.00404494
threshold=573.50000000000011 23.955811960305954 486.50000000000006 333.50000000000006 27.476263456872456 9.5000000000000018 78.500000000000014 444.00000000000006 578.50000000000011 479.50000000000006 22.000000000000004 777.00000000000011 444.00000000000006
decision_type=8 8 10 10 10 2 2 10 8 10 2 10 10
left_child=2 10 3 9 -4 6 7 -5 -3 -1 11 -2 -6
right_child=1 8 4 5 12 -7 -8 -9 -10 -11 -12 -13 -14
leaf_value=-0.065833825928142437 -0 -0 -0.092646798424438251 -0 0.0081843314707030594 -0 -0 0.16393434162389955 0.13416214668834425 0 -0.052411756459172065 0.02148380786647431 -0
leaf_weight=1.4632493257522576 0.14826823771000019 0.11339348554611239 2.7546304017305379 0.101893752813339 0.20020695030689228 0.25012767314910878 0.24363197386264801 0.82254113256931294 1.8930974900722501 0.24741236865520463 0.69689147174358368 0.48557503521442408 0.24090778827667239
leaf_count=10 1 1 21 1 1 2 2 4 8 1 3 2 2
internal_value=0 0.652507 -0.299847 0 -0.709974 0.73494 1.04428 1.46059 1.25557 -0.379575 -0 0.0082672 0
internal_weight=0 3.33723 6.3246 3.12886 3.19575 1.41819 1.16807 0.924435 2.00649 1.71066 1.33073 0.633843 0.441115
internal_count=59 15 44 20 24 9 7 5 9 11 6 3 3
shrinkage=0.0975091


Tree=11
num_leaves=14
num_cat=0
split_feature=1 9 3 1 9 5 6 3 3 5 11 3 1
split_gain=1.80511 1.86182 1.02876 0.998771 0.959053 0.612249 0.941839 0.52979 0.497395 0.484592 0.273033 0.0373233 0.00376928
threshold=573.50000000000011 23.955811960305954 486.50000000000006 333.50000000000006 27.476263456872456 9.5000000000000018 78.500000000000014 444.00000000000006 479.50000000000006 6.5000000000000009 22.000000000000004 777.00000000000011 444.00000000000006
decision_type=8 8 10 10 10 2 2 10 10 2 2 10 10
left_child=2 10 3 8 -4 6 7 -5 -1 -3 11 -2 -6
right_child=1 9 4 5 12 -7 -8 -9 -10 -11 -12 -13 -14
leaf_value=-0.06267429678991282 -0 0.12427789537322616 -0.088993200587954777 -0 0.0078955098346121487 -0 -0 0.14799318665385353 0 -0 -0.049373932937064331 0.020336061446376914 -0
leaf_weight=1.4087863266468041 0.14826823771000019 1.8749582171440122 2.6107676401734357 0.101893752813339 0.20093685388565047 0.25012767314910878 0.24363197386264801 0.86047026515007019 0.24741236865520463 0.11339348554611196 0.69094458222389221 0.48413905501365662 0.24090778827667239
leaf_count=10 1 8 21 1 1 2 2 4 1 1 3 2 2
internal_value=0 0.595444 -0.276065 0 -0.667581 0.644279 0.931837 1.31584 -0.343192 1.15815 -0 0 0
internal_weight=0 3.3117 6.16493 3.11232 3.05261 1.45612 1.206 0.962364 1.6562 1.98835 1.32335 0.632407 0.441845
internal_count=59 15 44 20 24 9 7 5 11 9 6 3 3
shrinkage=0.0975091


Tree=12
num_leaves=10
num_cat=0
split_feature=2 1 3 7 1 3 4 1 3
split_gain=2.22798 3.11819 2.05993 1.4028 1.09448 1.25987 0.540468 0.0433571 0.305904
threshold=2.5000000000000004 364.00000000000006 444.00000000000006 1.5000000000000002 580.50000000000011 451.50000000000006 76.750000000000014 1193.5000000000002 711.00000000000011
decision_type=8 10 8 2 10 10 2 10 10
left_child=1 2 -1 -4 5 -3 -6 8 -8
right_child=-2 4 3 -5 6 -7 7 -9 -10
leaf_value=-0 -0.091891378768106394 0.012746136179262266 0.17158663127922366 -0 0.070417279591569404 -0.088035645975098595 0 0 -0.05153179482013806
leaf_weight=0.42709998786449377 1.9911152496933944 0.18827497959136999 1.7247581630945203 0.19801269471645344 0.72201633453369163 2.7500139102339745 0.24126809835433935 0.24263890087604512 0.87656240165233612
leaf_count=3 14 1 9 1 3 22 1 1 4
internal_value=0 0.139461 1.05575 1.48956 -0.207734 -0.625563 0.11252 -0 -0.170481
internal_weight=0 7.37065 2.34987 1.92277 5.02077 2.93829 2.08249 1.36047 1.11783
internal_count=59 45 13 10 32 23 9 6 5
shrinkage=0.0975091


Tree=13
num_leaves=11
num_cat=0
split_feature=9 3 3 3 5 5 8 9 7 5
split_gain=1.75863 2.02381 1.83169 1.23169 0.941709 0.732757 1.00702 0.489991 0.459365 0.0588206
threshold=22.421416184449804 492.50000000000006 444.00000000000006 583.50000000000011 11.500000000000002 3.5000000000000004 1.0000000180025095e-35 22.012755900605452 1.0000000180025095e-35 5.5000000000000009
decision_type=10 8 10 8 2 2 10 8 2 2
left_child=1 2 -1 -2 -4 -5 -7 8 -3 -9
right_child=3 7 4 5 -6 6 -8 9 -10 -11
leaf_value=-0 -0.086053730870467318 0 0.19326520577975048 0.070868274792926969 -0 -0.078223576053093727 0.017789678964270351 0.036256696473226616 -0.070562653149290458 -0
leaf_weight=0.30818044394254718 2.747178703546524 0.42324694246053729 0.99319595098495461 0.68636102974414859 0.12170211970806122 1.4181057587265966 0.41932599246501912 0.68145768344402302 1.2726040780544279 0.072734281420707703
leaf_count=2 23 3 5 3 1 8 2 3 8 1
internal_value=0 0.36748 1.20223 -0.460907 1.72476 0 -0.279438 -0 -0.441195 0.277856
internal_weight=0 3.87312 1.42308 5.27097 1.1149 2.52379 1.83743 2.45004 1.69585 0.754192
internal_count=59 23 8 36 6 13 10 15 11 4
shrinkage=0.0975091


Tree=14
num_leaves=12
num_cat=0
split_feature=9 11 5 8 1 1 1 6 5 1 1
split_gain=1.45996 1.41574 0.749107 1.24718 0.633987 0.709176 0.302762 0.0291315 0.147038 0.036892 0.0237839
threshold=22.421416184449804 10.000000000000002 3.5000000000000004 1.0000000180025095e-35 396.50000000000006 358.50000000000006 286.00000000000006 79.500000000000014 1.5000000000000002 668.00000000000011 504.00000000000006
decision_type=10 2 2 10 8 10 8 2 2 10 8
left_child=1 6 7 -4 5 -3 -1 8 -2 -9 -5
right_child=2 4 3 10 -6 -7 -8 9 -10 -11 -12
leaf_value=-0 -0 -0 -0.091823349889320643 -0 -0.061775427002711283 0.096315059345501636 0.096203380938000446 -0.019171145664269446 0.044832685054063327 0 0.01689403178026325
leaf_weight=0.10063839703798304 0.16730111837387063 0.4126541465520856 2.9899250417947774 0.23469340056180943 1.0860160142183304 0.40216594934463507 1.8827824965119362 0.58043496310710907 0.4594020694494248 0.22405242919921875 0.41837503015995031
leaf_count=1 1 3 25 2 7 2 10 3 2 1 2
internal_value=0 0.335132 -0.425575 -0.657366 -0.00482616 0.201059 0.896332 0 0.170623 -0 0
internal_weight=0 3.88426 5.07418 3.64299 1.90084 0.81482 1.98342 1.43119 0.626703 0.804487 0.653068
internal_count=59 23 36 29 12 5 11 7 3 4 4
shrinkage=0.0975091


Tree=15
num_leaves=14
num_cat=0
split_feature=5 2 8 3 6 5 2 11 2 3 3 3 6
split_gain=0.81716 1.65336 1.30062 2.21885 1.25617 1.207 1.00948 0.346526 0.200119 0.194337 0.00918885 0.221624 0.174002
threshold=4.5000000000000009 1.5000000000000002 1.0000000180025095e-35 518.50000000000011 74.500000000000014 9.5000000000000018 3.5000000000000004 56.000000000000007 1.5000000000000002 482.00000000000006 492.50000000000006 461.00000000000006 81.500000000000014
decision_type=2 8 10 8 2 2 10 2 8 10 10 10 2
left_child=2 7 3 9 -5 -3 -6 -2 -4 -1 11 -7 -13
right_child=1 5 8 4 6 10 -8 -9 -10 -11 -12 12 -14
leaf_value=0 0.10403466888938655 -0.08682581645178164 0 -0 0.15673766190285629 -0 -0 -0 -0.05080236756670601 -0.043607183189213999 -0 0.064923125496130829 -0
leaf_weight=0.22426034510135684 0.37977689504623402 2.9809564277529716 0.17397932708263386 0.22335101664066348 2.0231534391641621 0.32696783542633034 0.16508543491363514 0.11786579340696336 0.6793883740901947 0.65624304115772247 0.37813008576631546 0.53920528292655945 0.10757813602685928
leaf_count=1 2 25 1 1 9 3 1 1 3 3 5 3 1
internal_value=0 -0.244514 0.334607 0.685123 1.18749 -0.555619 1.42243 0.766038 -0.264407 -0.0965779 0 0.0825719 0.475524
internal_weight=0 4.83048 4.14546 3.29209 2.41159 4.33284 2.18824 0.497643 0.853368 0.880503 1.35188 0.973751 0.646783
internal_count=59 40 19 15 11 37 10 3 4 4 12 7 4
shrinkage=0.0975091


Tree=16
num_leaves=14
num_cat=0
split_feature=5 2 5 3 2 9 4 11 1 9 1 1 1
split_gain=0.588495 1.46751 1.08378 0.786106 1.31694 0.377938 0.895586 0.31355 0.175495 0.140182 0.283308 0.315367 0.0490116
threshold=4.5000000000000009 1.5000000000000002 9.5000000000000018 518.50000000000011 3.5000000000000004 22.012755900605452 75.800000000000026 56.000000000000007 329.50000000000006 22.868044268421055 383.50000000000006 300.50000000000006 498.00000000000006
decision_type=2 8 2 8 8 10 2 2 10 10 10 10 8
left_child=3 7 -3 8 5 12 -7 -2 -1 10 11 -4 -5
right_child=1 2 9 4 -6 6 -8 -9 -10 -11 -12 -13 -14
leaf_value=0 0.096494386499288029 -0.083624811505233793 -0 -0 -0.012284309306149257 -0 0.13620328797095618 -0 -0.041142465139190468 -0.005208502704967268 -0 0.094721794726752712 0.023187972494932086
leaf_weight=0.2242603451013564 0.39779591560363758 2.8159654326736927 0.121702119708061 0.42749258875846946 0.4108316153287887 0.39733034372329695 1.526809975504875 0.11786579340696336 0.65043257176876068 0.63357014954090118 0.20831970870494845 0.40597666800022125 0.49273316562175751
leaf_count=1 2 25 1 2 2 2 7 1 3 6 3 2 2
internal_value=0 -0.216143 -0.526185 0.279322 0.558157 0.86985 1.10638 0.705049 -0.0742093 0 0.351718 0.68301 0
internal_weight=0 4.7012 4.18553 4.12989 3.2552 2.84437 1.92414 0.515662 0.874693 1.36957 0.735998 0.527679 0.920226
internal_count=59 40 37 19 15 13 9 3 4 12 6 3 4
shrinkage=0.0975091


Tree=17
num_leaves=13
num_cat=0
split_feature=2 11 7 6 1 9 9 9 1 8 1 6
split_gain=0.511641 0.866389 2.45281 0.907582 0.585963 0.573435 0.530168 0.987175 0.182024 0.106783 0.0111416 0.00241998
threshold=2.5000000000000004 6.0000000000000009 1.0000000180025095e-35 75.500000000000014 322.00000000000006 19.317937968390304 26.378300029938405 22.735008651320403 425.50000000000006 inf 1193.5000000000002 78.500000000000014
decision_type=8 2 2 2 10 10 10 10 10 8 10 2
left_child=1 4 3 -3 11 -2 7 8 -4 -5 -10 -1
right_child=5 2 6 9 -6 -7 -8 -9 10 -11 -12 -13
leaf_value=0.006304733613271424 0 -0 0.045177740861669084 0.14975868940091991 -0.06191463080171021 -0.06907060206412341 0.051354164261877756 -0.079102007720592032 -0.010346006962381141 0 0 -0
leaf_weight=0.20489513874053852 0.24693186581134877 0.19658835977315889 0.47399206459522319 1.4670615494251247 1.4069864302873609 1.5073167309164999 0.4910912662744521 1.567122086882591 0.61571384966373444 0.201628688722849 0.21615976095199585 0.094547837972640991
leaf_count=1 1 3 2 7 10 14 2 10 5 2 1 1
internal_value=0 0.138949 0.395268 1.21915 -0.251962 -0.417249 -0 -0.298973 0 1.44003 -0 0
internal_weight=0 6.93579 5.22936 1.86528 1.70643 1.75425 3.36408 2.87299 1.30587 1.66869 0.831874 0.299443
internal_count=59 44 32 12 12 15 20 18 8 9 6 2
shrinkage=0.0975091


Tree=18
num_leaves=7
num_cat=0
split_feature=3 4 9 3 5 6
split_gain=2.5993 3.31614 0.467353 0.268692 0.25035 0.316797
threshold=759.00000000000011 96.200000000000017 22.815543116602104 511.50000000000006 6.5000000000000009 72.500000000000014
decision_type=8 2 10 10 2 2
left_child=1 -1 3 -3 5 -2
right_child=4 2 -4 -5 -6 -7
leaf_value=-0.10688561978859488 -0 0.091144942689264569 -0 -0 -0 0.069656780691512293
leaf_weight=4.7381790056824684 0.15812343358993519 0.72006037831306435 0.29481969028711319 0.10244471579790115 0.16495253145694722 1.5921723842620847
leaf_count=42 1 3 3 1 1 8
internal_value=0 -0.699292 0.383936 0.757854 0.436513 0.568501
internal_weight=0 5.8555 1.11732 0.822505 1.91525 1.7503
internal_count=59 49 7 4 10 9
shrinkage=0.0975091


Tree=19
num_leaves=6
num_cat=0
split_feature=3 4 9 3 5
split_gain=2.23386 2.99466 0.416087 0.243801 0.235233
threshold=759.00000000000011 96.200000000000017 22.815543116602104 511.50000000000006 4.5000000000000009
decision_type=8 2 10 10 2
left_child=1 -1 3 -3 -2
right_child=4 2 -4 -5 -6
leaf_value=-0.10342883770647873 0.060468087445832264 0.084719324725934381 -0 -0 -0
leaf_weight=4.4463519342243671 1.1454286128282545 0.72710622847080209 0.29481969028711319 0.10244471579790115 0.74573609232902516
leaf_count=42 6 3 3 1 4
internal_value=0 -0.661333 0.338101 0.698601 0.392558
internal_weight=0 5.57072 1.12437 0.829551 1.89116
internal_count=59 49 7 4 10
shrinkage=0.0975091


Tree=20
num_leaves=6
num_cat=0
split_feature=3 4 9 3 5
split_gain=1.96061 2.7055 0.370812 0.222074 0.211341
threshold=759.00000000000011 96.200000000000017 22.815543116602104 511.50000000000006 4.5000000000000009
decision_type=8 2 10 10 2
left_child=1 -1 3 -3 -2
right_child=4 2 -4 -5 -6
leaf_value=-0.10010533638206384 0.057224728601269668 0.078953835331293021 -0 -0 -0
leaf_weight=4.1723093427717686 1.1150810420513151 0.7311979681253431 0.29481969028711319 0.10244471579790115 0.74573609232902516
leaf_count=42 6 3 3 1 4
internal_value=0 -0.625152 0.296053 0.645066 0.367305
internal_weight=0 5.30077 1.12846 0.833643 1.86082
internal_count=59 49 7 4 10
shrinkage=0.0975091


Tree=21
num_leaves=9
num_cat=0
split_feature=1 9 9 4 3 9 4 3
split_gain=3.14964 1.60072 0.67698 0.754309 0.637055 0.42935 0.166534 0.0247415
threshold=530.50000000000011 30.472405730678553 20.436437811964101 84.250000000000014 655.50000000000011 20.045245031047102 82.500000000000014 455.50000000000006
decision_type=10 10 10 2 10 10 2 10
left_child=2 4 7 6 -2 -6 -4 -1
right_child=1 -3 3 -5 5 -7 -8 -9
leaf_value=0.017109310579122485 -0 -0 -0.016362344739329709 -0.081252733107291586 -0 0.14967104370495818 0.039818918401822015 -0
leaf_weight=0.42966417968273152 0.13141806423664171 0.24551105499267567 1.034918490797281 2.6486909873783588 0.07842539250850665 1.8117165341973303 0.38679730892181385 0.18434970080852509
leaf_count=2 2 1 9 31 1 9 2 2
internal_value=0 0.96951 -0.363268 -0.550017 1.30557 1.44389 0 0
internal_weight=0 2.26707 4.68442 4.07041 2.02156 1.89014 1.42172 0.614014
internal_count=59 13 46 42 12 10 11 4
shrinkage=0.0975091


Tree=22
num_leaves=6
num_cat=0
split_feature=2 3 9 3 3
split_gain=3.97719 2.09025 0.410444 0.505315 0.232191
threshold=1.5000000000000002 728.00000000000011 30.472405730678553 734.00000000000011 489.50000000000006
decision_type=8 8 10 10 8
left_child=4 -2 3 -3 -1
right_child=1 2 -4 -5 -6
leaf_value=0 -0.082640591799762145 -0 -0 0.082259824169323287 0.15877254081885811
leaf_weight=0.45755949616432162 3.2020817287266254 0.85259017348289523 0.24551105499267567 1.0639114826917646 0.99271759390831005
leaf_count=2 41 5 1 5 5
internal_value=0 -0.319545 0.205931 0.475553 1.36346
internal_weight=0 5.36409 2.16201 1.9165 1.45028
internal_count=59 52 11 10 7
shrinkage=0.0975091


Tree=23
num_leaves=10
num_cat=0
split_feature=1 9 11 3 9 8 9 1 5
split_gain=2.14861 1.30813 0.611675 0.477878 0.321463 0.280039 0.0222606 0.0443156 0.000374319
threshold=530.50000000000011 30.472405730678553 14.000000000000002 655.50000000000011 20.045245031047102 1.0000000180025095e-35 20.956797065233854 353.50000000000006 5.5000000000000009
decision_type=10 10 2 10 10 10 10 10 2
left_child=2 3 5 -2 -5 -1 -4 8 -8
right_child=1 -3 6 4 -6 -7 7 -9 -10
leaf_value=-0.071766856546473898 -0 -0 0.016239337089547033 -0 0.12802075228792267 0 0.0024603671767372843 -0.019303987453203081 -0
leaf_weight=2.1020468100905423 0.12238477915525514 0.24551105499267567 0.42862781882286066 0.073197565972804912 1.8343624323606489 0.62711276113986958 0.213981047272682 0.75675597414374352 0.22765985131263733
leaf_count=24 2 1 2 1 9 4 1 11 4
internal_value=0 0.800815 -0.308279 1.11847 1.23593 -0.584792 0 -0 0
internal_weight=0 2.27546 4.35618 2.02994 1.90756 2.72916 1.62702 1.1984 0.441641
internal_count=59 13 46 12 10 28 18 16 5
shrinkage=0.0975091


Tree=24
num_leaves=9
num_cat=0
split_feature=1 7 2 3 3 1 0 1
split_gain=2.78156 1.61049 1.48033 1.22833 1.63763 0.56546 0.630828 0.197836
threshold=353.50000000000006 1.0000000180025095e-35 1.5000000000000002 469.00000000000006 500.00000000000006 1193.5000000000002 inf 351.50000000000006
decision_type=8 2 8 10 10 10 8 10
left_child=1 3 -2 -1 -5 6 -4 -3
right_child=2 7 5 4 -6 -7 -8 -9
leaf_value=-0 0.010199830101383483 -0.03602065868507888 -0.10736167143197384 0.21249699568663252 -0 0 0 0.0023722044993833001
leaf_weight=0.23828411102294944 0.36860765516757954 1.0732400342822073 3.8587259259074926 0.6993505135178566 0.20537631213665009 0.16643948853015889 0.16641445457935322 0.21418070793151844
leaf_count=3 2 13 32 4 2 1 1 1
internal_value=0 0.470514 -0.706489 1.21282 1.64488 -0.928378 -1.01145 -0
internal_weight=0 2.43043 4.56019 1.14301 0.904727 4.19158 4.02514 1.28742
internal_count=59 23 36 9 6 34 33 14
shrinkage=0.0975091


Tree=25
num_leaves=10
num_cat=0
split_feature=3 7 3 3 5 1 9 1 4
split_gain=2.36368 0.967753 1.25693 1.34426 0.700878 0.542923 0.639902 0.46299 0.347917
threshold=667.50000000000011 1.0000000180025095e-35 500.00000000000006 469.00000000000006 2.5000000000000004 1193.5000000000002 1.0000000180025095e-35 403.50000000000006 79.750000000000014
decision_type=8 2 10 10 2 10 10 10 2
left_child=1 2 3 -1 8 6 -2 -5 -3
right_child=5 4 -4 7 -6 -7 -8 -9 -10
leaf_value=-0 0 -0 -0 0.18720004398820594 -0.054371072691252714 0 -0.11081417464010057 -0 0.072033628452042059
leaf_weight=0.238284111022949 0.16641445457935411 0.23915988206863439 0.80378084629774083 0.7633851170539856 1.5498158559203146 0.16643948853015889 2.4034720957279205 0.063135147094726563 0.45469830930233002
leaf_count=3 1 2 8 4 22 1 15 1 2
internal_value=0 0.189765 0.709143 1.28742 -0.0244516 -0.879209 -1.00057 1.76244 0.312544
internal_weight=0 4.11226 1.86859 1.0648 2.24367 2.73633 2.56989 0.82652 0.693858
internal_count=59 42 16 8 26 17 16 5 4
shrinkage=0.0975091


Tree=26
num_leaves=8
num_cat=0
split_feature=4 5 4 4 0 6 11
split_gain=2.04844 1.03282 0.793605 0.787733 0.568558 0.514259 1.03061
threshold=79.750000000000014 5.5000000000000009 93.450000000000017 90.550000000000011 inf 77.500000000000014 10.000000000000002
decision_type=2 2 2 2 8 2 2
left_child=4 3 -3 -2 -1 6 -4
right_child=1 2 5 -5 -6 -7 -8
leaf_value=-0.10227626111638459 0.10658515420646007 -0.057763998708533229 0.12444476381583415 -0 0 -0 -0
leaf_weight=2.0695079155266289 1.2143503651022909 1.6463791616261008 0.6291711777448652 0.25508175790309889 0.16641445457935322 0.44332157447934151 0.34162136167287827
leaf_count=13 7 24 3 2 1 5 4
internal_value=0 0.128988 -0.0358008 0.775988 -0.901205 0.223107 0.669781
internal_weight=0 4.52993 3.06049 1.46943 2.23592 1.41411 0.970793
internal_count=59 45 36 9 14 12 7
shrinkage=0.0975091


Tree=27
num_leaves=10
num_cat=0
split_feature=1 9 9 1 11 1 3 1 7
split_gain=1.92996 2.30151 1.28379 0.5613 0.474251 0.28378 0.282513 0.181313 0.150279
threshold=713.50000000000011 21.694980067587853 28.042187475284454 987.50000000000011 38.000000000000007 276.00000000000006 438.50000000000006 530.50000000000011 1.5000000000000002
decision_type=10 8 10 10 2 8 8 10 2
left_child=1 7 4 -2 5 -3 -7 -1 -8
right_child=3 2 -4 -5 -6 6 8 -9 -10
leaf_value=-0.034962044885248976 -0.083342971333207033 -0 -0 0 -0 -0 0.13887129970992809 0 -0
leaf_weight=1.0363877303898332 0.59442609548568714 0.05998180806636888 0.29941590130329121 0.31656739115715027 0.10514762625098216 0.057775340974331242 3.740801734849811 0.2469988465309142 0.03051402419805516
leaf_count=13 3 1 4 2 2 1 31 1 1
internal_value=0 0.77452 1.12156 -0.337252 1.27985 1.33779 1.37213 -0 1.4061
internal_weight=0 5.57702 4.29364 0.910993 3.99422 3.88907 3.82909 1.28339 3.77132
internal_count=59 54 40 5 36 34 33 14 32
shrinkage=0.0975091


Tree=28
num_leaves=13
num_cat=0
split_feature=3 9 6 6 1 11 6 1 3 1 9 1
split_gain=1.61941 1.89373 0.643027 0.332501 0.330106 0.305201 0.3249 0.320503 0.324018 0.235298 0.216198 0.0990034
threshold=677.50000000000011 21.694980067587853 73.500000000000014 80.500000000000014 1193.5000000000002 38.000000000000007 79.500000000000014 286.00000000000006 444.00000000000006 619.00000000000011 26.849200958183754 530.50000000000011
decision_type=10 8 2 2 10 2 2 10 10 10 10 10
left_child=1 11 -3 9 -5 6 7 -4 -9 -2 -10 -1
right_child=3 2 5 4 -6 -7 -8 8 10 -11 -12 -13
leaf_value=-0.027167471455752677 -0 -0 -0 -0.079284251127297894 0 -0 0 -0 0.16870168609692129 0.046636559247882139 0 0
leaf_weight=0.90143005549907662 0.52203916385769822 0.16761136613786254 0.059981808066369331 0.63600588962435711 0.15620340406894684 0.071762390434741863 0.69697382301092137 0.057775340974331242 1.9597319457679987 0.65466336905956268 0.45490531623363489 0.24699884653091431
leaf_count=11 5 4 1 4 1 1 8 1 15 3 4 1
internal_value=0 0.769816 1.12363 -0.0466804 -0.538053 1.22274 1.26869 1.45167 1.50478 0 1.55803 -0
internal_weight=0 4.61717 3.46874 1.96891 0.792209 3.30113 3.22937 2.53239 2.47241 1.1767 2.41464 1.14843
internal_count=59 46 34 13 5 30 29 21 20 8 19 12
shrinkage=0.0975091


Tree=29
num_leaves=13
num_cat=0
split_feature=9 6 9 3 9 9 3 3 11 3 4 6
split_gain=1.42759 1.64713 0.631375 0.454359 0.975838 0.730704 0.41285 0.323957 0.369288 0.104871 0.0958919 0.0389037
threshold=25.211894648014553 79.500000000000014 28.042187475284454 489.50000000000006 22.012755900605452 22.900339238196903 1094.0000000000002 479.50000000000006 1.0000000180025095e-35 655.50000000000011 91.950000000000017 79.500000000000014
decision_type=8 2 10 10 10 10 10 10 2 10 2 2
left_child=3 2 7 4 -1 9 -7 -2 -9 -5 11 -11
right_child=1 -3 -4 5 -6 6 -8 8 -10 10 -12 -13
leaf_value=-0 -0 -0 -0 -0 0.091863731730660564 -0.088117423855826119 0 0 0.17207157584794294 -0 -0 0.047244407906024105
leaf_weight=0.51233384385704972 0.057775340974331242 0.62343840673565853 0.12583662569522849 0.41639914922416232 1.0569166988134382 1.2225310392677782 0.15589384734630574 0.32232840918004502 1.3868741467595098 0.033385235816240311 0.10472524911165236 0.64697481691837311
leaf_count=5 1 6 3 7 6 13 1 3 8 1 2 3
internal_value=0 0.932202 1.35449 0 0.389067 -0.232889 -0.713023 1.49579 1.56683 0 0.3008 0.436371
internal_weight=0 2.51625 1.89281 4.14916 1.56925 2.57991 1.37842 1.76698 1.7092 1.20148 0.785085 0.68036
internal_count=59 21 15 38 11 27 14 12 11 13 6 4
shrinkage=0.0975091


Tree=30
num_leaves=11
num_cat=0
split_feature=2 9 11 1 8 9 1 9 6 6
split_gain=3.80039 2.29012 1.46867 1.43192 0.847655 0.377268 0.193103 0.152709 0.0624728 0.0589308
threshold=1.5000000000000002 22.868044268421055 22.000000000000004 387.00000000000006 inf 22.647234703128301 336.50000000000006 18.535178777393302 74.500000000000014 88.500000000000014
decision_type=8 10 2 10 8 10 10 10 2 2
left_child=4 2 5 6 -1 7 9 -2 -8 -3
right_child=1 3 -4 -5 -6 -7 8 -9 -10 -11
leaf_value=0.17691297461224689 -0 -0.023972691025005974 -0.0011127053331521782 -0.10399774011628829 -0 0 -0 0.11994456305413127 0.048254816028791545 0
leaf_weight=1.4077534526586528 0.038319230079651656 0.7255320101976398 0.57039498910307873 1.7952000070363281 0.12191598862409604 0.51054778695106495 0.053253643214702606 1.7759907878935335 0.63890090957283963 0.14346115291118622
leaf_count=7 1 6 6 15 1 4 1 11 6 1
internal_value=0 0 0.619483 -0.526878 1.62347 1.0045 0 1.19031 0.417216 -0.0778094
internal_weight=0 6.2516 2.89525 3.35635 1.52967 2.32486 1.56115 1.81431 0.692155 0.868993
internal_count=59 51 22 29 8 16 14 12 7 7
shrinkage=0.0975091


Tree=31
num_leaves=12
num_cat=0
split_feature=2 9 11 1 8 9 1 9 3 6 5
split_gain=3.19845 1.87561 1.29051 1.28496 0.744895 0.292336 0.162855 0.13371 0.0622973 0.0704423 0.0536537
threshold=1.5000000000000002 22.868044268421055 22.000000000000004 387.00000000000006 inf 22.647234703128301 336.50000000000006 18.535178777393302 479.50000000000006 74.500000000000014 1.5000000000000002
decision_type=8 10 2 10 8 10 10 10 10 2 2
left_child=4 2 5 6 -1 7 10 -2 -8 -10 -3
right_child=1 3 -4 -5 -6 -7 8 -9 9 -11 -12
leaf_value=0.16170514260952365 -0 0 -0.0010476742501532555 -0.099104955789337937 -0 0 -0 0.1088119270015748 -0 0.053276444813238656 -0.022648182120392064
leaf_weight=1.4241324216127391 0.038319230079651656 0.14346115291118644 0.56996349245309819 1.7223316784948108 0.12191598862409604 0.51054778695106495 0.057865995913743966 1.8035291396081445 0.053253643214702606 0.59907993674278259 0.71546842530369759
leaf_count=7 1 1 6 15 1 4 1 11 1 5 6
internal_value=0 0 0.549439 -0.490122 1.47904 0.915588 0 1.0786 0.381434 0.46303 -0.0644349
internal_weight=0 6.21382 2.92236 3.29146 1.54605 2.3524 1.56913 1.84185 0.7102 0.652334 0.85893
internal_count=59 51 22 29 8 16 14 12 7 6 7
shrinkage=0.0975091


Tree=32
num_leaves=9
num_cat=0
split_feature=2 9 5 5 11 8 6 9
split_gain=2.72148 1.5372 1.15646 1.25559 1.13841 0.663241 0.229975 0.0538845
threshold=1.5000000000000002 22.868044268421055 1.5000000000000002 10.500000000000002 22.000000000000004 inf 80.500000000000014 22.815543116602104
decision_type=8 10 2 2 2 8 2 10
left_child=5 4 -3 -4 6 -1 7 -2
right_child=1 2 3 -5 -6 -7 -8 -9
leaf_value=0.14906063685879492 0.10170221170510862 0.01886765226918222 -0.10236817431375235 0 -0.00098643532445372682 -0 -0 0
leaf_weight=1.4258132353425021 1.6558270975947391 0.37222175300121346 2.4708311539143328 0.38722268119454367 0.56955737248063076 0.12191598862409604 0.28075453266501416 0.43581481277942646
leaf_count=7 9 2 23 4 6 1 4 3
internal_value=0 -0 -0.456551 -0.762637 0.486848 1.35775 0.837052 0.934726
internal_weight=0 6.17223 3.23028 2.85805 2.94195 1.54773 2.3724 2.09164
internal_count=59 51 29 27 22 8 16 12
shrinkage=0.0975091


Tree=33
num_leaves=10
num_cat=0
split_feature=11 10 2 3 3 6 6 11 3
split_gain=2.60327 2.01745 0.94486 0.893332 0.539515 0.783135 0.355959 0.479971 0.286436
threshold=6.0000000000000009 1.0000000180025095e-35 3.5000000000000004 461.00000000000006 583.50000000000011 81.500000000000014 75.500000000000014 34.000000000000007 inf
decision_type=2 2 10 10 8 2 2 2 8
left_child=1 -1 3 -3 -2 6 -6 -8 -7
right_child=4 2 -4 -5 5 8 7 -9 -10
leaf_value=-0 -0.051030569278634474 -0 -0 0.17655241983695205 -0 -0.052796948155815156 0.09554630529131769 -0 0
leaf_weight=0.40642258338630233 1.2812221981585024 0.13209798559546548 0.15913588553667057 2.0164000764489174 0.4257178921252493 0.69532806426286686 1.3738983273506162 0.16034193336963642 0.29331599920988083
leaf_count=4 20 2 2 13 4 5 6 1 2
internal_value=0 1.13539 1.4956 1.65907 -0 0.161056 0.600734 0.792424 -0.140901
internal_weight=0 2.71406 2.30763 2.1485 4.22982 2.9486 1.95996 1.53424 0.988644
internal_count=59 21 17 15 38 18 11 7 7
shrinkage=0.0975091


Tree=34
num_leaves=10
num_cat=0
split_feature=9 4 1 2 9 1 9 1 11
split_gain=3.4453 1.61498 1.31374 0.85392 0.447077 0.38447 0.34191 0.284668 0.173678
threshold=24.324413423661355 89.450000000000017 305.50000000000006 2.5000000000000004 27.677471366083953 987.50000000000011 22.979211833504753 286.00000000000006 18.000000000000004
decision_type=8 2 10 10 10 10 10 8 2
left_child=2 3 6 4 -2 8 7 -1 -4
right_child=1 -3 5 -5 -6 -7 -8 -9 -10
leaf_value=-0 0.17734493737827953 -0 -0.086570866536206201 0 -0 0 -0 0.089017072271462161 -0
leaf_weight=0.11807672679424308 1.8404978048056371 0.75143969804048516 1.7758245915174491 0.65569155476987351 0.065296096727251896 0.17605656385421742 0.21415312588214877 0.6900147944688797 0.70928624644875515
leaf_count=2 10 7 18 7 2 1 3 3 6
internal_value=0 1.09357 -0.142836 1.43255 1.73695 -0.611889 0.431649 0.713673 -0.72934
internal_weight=0 3.31293 3.68341 2.56149 1.90579 2.66117 1.02224 0.808092 2.48511
internal_count=59 26 33 19 12 25 8 5 24
shrinkage=0.0975091


Tree=35
num_leaves=11
num_cat=0
split_feature=11 10 2 1 1 10 2 6 11 11
split_gain=1.80091 1.40956 0.664866 0.648664 0.588008 0.38469 0.547358 0.170634 0.00353617 0.0117047
threshold=6.0000000000000009 1.0000000180025095e-35 3.5000000000000004 286.00000000000006 987.50000000000011 1.0000000180025095e-35 1.0000000180025095e-35 73.500000000000014 22.000000000000004 10.000000000000002
decision_type=2 2 10 10 8 2 8 2 2 2
left_child=1 -1 3 -3 5 8 -7 -6 9 -2
right_child=4 2 -4 -5 7 6 -8 -9 -10 -11
leaf_value=-0 -0 -0 -0 0.14094969995101458 -0 0 -0.078796826561342903 0.053155497005260892 -0 0.012202268023253866
leaf_weight=0.3863357882946733 0.057642266154289246 0.13209798559546548 0.15369781106710423 2.2119184248149395 0.12767052650451649 0.21816718578338609 1.5662472900003195 1.0518053695559499 0.44340657070279121 0.59928080812096596
leaf_count=4 1 2 2 13 1 1 20 6 4 5
internal_value=0 0.906974 1.19336 1.3226 -0 -0.320601 -0.577422 0.403614 0 0.0585683
internal_weight=0 2.88405 2.49771 2.34402 4.06422 2.88474 1.78441 1.17948 1.10033 0.656923
internal_count=59 21 17 15 38 31 21 7 10 6
shrinkage=0.0975091


Tree=36
num_leaves=10
num_cat=0
split_feature=9 4 6 3 1 11 1 9 1
split_gain=2.03051 1.22631 1.04965 0.931408 0.959036 0.59309 0.301256 0.206428 0.063163
threshold=25.211894648014553 89.200000000000017 77.500000000000014 500.00000000000006 329.50000000000006 1.0000000180025095e-35 300.50000000000006 30.472405730678553 743.00000000000011
decision_type=8 2 2 10 10 2 10 10 10
left_child=2 5 3 4 -1 -2 -4 -7 -5
right_child=1 -3 6 8 -6 7 -8 -9 -10
leaf_value=-0 -0 -0 0 -0.022072298750109236 0.12430254043755193 0.1409593603548176 -0.076897864357131404 -0 0
leaf_weight=0.25878245383501075 0.12152943015098604 0.70481410436332215 0.64672384411096606 0.85874431766569581 0.8990253508090974 1.8191263601183889 1.517554026097059 0.041312672197818645 0.2219870388507843
leaf_count=2 1 6 4 16 4 9 15 1 1
internal_value=0 0.914048 -0.0278579 0.261194 0.851128 1.26726 -0.587176 1.39955 -0
internal_weight=0 2.68678 4.40282 2.23854 1.15781 1.98197 2.16428 1.86044 1.08073
internal_count=59 17 42 23 6 11 19 10 17
shrinkage=0.0975091


Tree=37
num_leaves=10
num_cat=0
split_feature=9 4 6 3 1 11 1 9 1
split_gain=1.7001 1.05485 0.894571 0.786793 0.856441 0.528293 0.272042 0.183932 0.0556329
threshold=25.211894648014553 89.200000000000017 77.500000000000014 500.00000000000006 329.50000000000006 1.0000000180025095e-35 300.50000000000006 30.472405730678553 743.00000000000011
decision_type=8 2 2 10 10 2 10 10 10
left_child=2 5 3 4 -1 -2 -4 -7 -5
right_child=1 -3 6 8 -6 7 -8 -9 -10
leaf_value=-0 -0 -0 0 -0.020844226602578224 0.11467056483118342 0.12984969180875491 -0.07337577501745203 -0 0
leaf_weight=0.25878245383501075 0.12152943015098604 0.70481410436332215 0.64672384411096606 0.84349152632057633 0.91028526425361633 1.8143512830138204 1.4564042855054138 0.041312672197818645 0.2219870388507843
leaf_count=2 1 6 4 16 4 9 15 1 1
internal_value=0 0.831632 -0.0238668 0.225666 0.772005 1.16086 -0.555513 1.28763 -0
internal_weight=0 2.68201 4.33767 2.23455 1.16907 1.97719 2.10313 1.85566 1.06548
internal_count=59 17 42 23 6 11 19 10 17
shrinkage=0.0975091


Tree=38
num_leaves=13
num_cat=0
split_feature=6 9 5 6 11 8 1 1 6 4 2 8
split_gain=1.44992 0.788721 0.663621 0.551867 0.465205 0.336448 0.174111 0.401326 0.321606 0.143819 0.0864309 0.0411836
threshold=77.500000000000014 24.324413423661355 6.5000000000000009 72.500000000000014 30.000000000000004 1.0000000180025095e-35 364.00000000000006 333.50000000000006 74.500000000000014 85.450000000000017 1.0000000180025095e-35 1.0000000180025095e-35
decision_type=2 10 2 2 2 10 10 10 2 2 10 10
left_child=2 5 3 -1 10 -2 7 -4 -9 11 -5 -3
right_child=1 9 6 4 -6 -7 -8 8 -10 -11 -12 -13
leaf_value=-0 -0.081774853333893685 0.041146069086877846 -0 -0 -0 0 -0.016937354585594248 -0 0.087169662949777169 -0 0.11616681707425541 -0
leaf_weight=0.15947179496288333 1.3719451278448107 0.67612804472446419 0.29028975218534447 0.022667046636343776 0.12117022275924672 0.13957971334457386 0.77548352070152737 0.13138796389102936 0.70511089265346527 0.33678744547069078 2.0464193597435951 0.16279315948486328
leaf_count=1 11 3 3 1 1 1 14 1 3 6 12 2
internal_value=0 -0.18496 0.600499 0.925254 1.06045 -0.68761 0 0.304807 0.668384 0.0357026 1.17079 0.346707
internal_weight=0 2.68723 4.252 2.34973 2.19026 1.51152 1.90227 1.12679 0.836499 1.17571 2.06909 0.838921
internal_count=59 23 36 15 14 12 21 7 4 11 13 5
shrinkage=0.0975091


Tree=39
num_leaves=9
num_cat=0
split_feature=2 1 11 11 9 1 4 1
split_gain=2.63953 1.61667 2.01692 1.01042 0.610235 0.386583 0.320855 0.255186
threshold=2.5000000000000004 547.00000000000011 22.000000000000004 1.0000000180025095e-35 20.956797065233854 987.50000000000011 96.200000000000017 619.00000000000011
decision_type=8 10 2 2 8 10 2 10
left_child=1 2 3 -1 -5 7 -6 -3
right_child=-2 5 -4 4 6 -7 -8 -9
leaf_value=-0 -0.091001292908468923 0 -0.008724428429360432 -0 0.14782854493683537 0 -0 -0.067760795717381458
leaf_weight=0.22427929937839583 1.8437644299119709 0.39643221721053112 0.56172296777367581 0.12227037176489863 2.3431100249290471 0.4008000493049621 0.059493236243724712 1.0184810161590574
leaf_count=2 19 4 7 2 17 2 1 5
internal_value=0 0.358757 0.789016 1.17385 1.35392 -0.118319 1.46068 -0.48295
internal_weight=0 5.12659 3.31088 2.74915 2.52487 1.81571 2.4026 1.41491
internal_count=59 40 29 22 20 11 18 9
shrinkage=0.0975091


Tree=40
num_leaves=9
num_cat=0
split_feature=2 1 11 11 1 1 6 7
split_gain=2.21314 1.24357 1.69512 0.857528 0.341367 0.231748 0.149212 0.0866841
threshold=2.5000000000000004 547.00000000000011 22.000000000000004 1.0000000180025095e-35 987.50000000000011 619.00000000000011 73.500000000000014 1.5000000000000002
decision_type=8 10 2 2 10 10 2 2
left_child=1 2 3 -1 5 -3 -5 -8
right_child=-2 4 -4 6 -6 -7 7 -9
leaf_value=-0 -0.086797604604612014 0 -0.0082392323563770277 -0 0 -0.063959260509946339 0.12146122840524207 -0
leaf_weight=0.22427929937839583 1.7666293829679487 0.39643221721053101 0.5589674450457095 0.037267439067364072 0.4008000493049621 0.99712254106998433 2.542792454361916 0.021344944834709056
leaf_count=2 19 4 7 1 2 5 18 1
internal_value=0 0.305133 0.681137 1.03571 -0.0879875 -0.450146 1.20074 1.22916
internal_weight=0 5.17901 3.38465 2.82568 1.79435 1.39355 2.6014 2.56414
internal_count=59 40 29 22 11 9 20 19
shrinkage=0.0975091


Tree=41
num_leaves=9
num_cat=0
split_feature=2 1 11 1 11 1 4 7
split_gain=1.86507 0.969808 1.44132 0.48744 0.286506 0.463188 0.234935 0.0762261
threshold=2.5000000000000004 619.00000000000011 22.000000000000004 987.50000000000011 1.0000000180025095e-35 547.00000000000011 96.200000000000017 1.5000000000000002
decision_type=8 10 2 10 2 10 2 2
left_child=1 2 4 -3 -1 6 7 -6
right_child=-2 3 -4 -5 5 -7 -8 -9
leaf_value=0 -0.082771728305717426 -0.06040388227420599 -0.012012991723479539 0 0.11057380712783559 -0 -0 -0
leaf_weight=0.43577390909195024 1.6938314959406851 0.97595772147178628 0.60003760084509838 0.40080004930496216 2.5824566967785372 0.14127135276794422 0.066087640821933635 0.021344944834709056
leaf_count=3 19 5 8 2 18 2 1 1
internal_value=0 0.25886 0.558016 -0.132161 0.870033 0.974921 1.07087 1.11853
internal_weight=0 5.22373 3.84697 1.37676 3.24693 2.81116 2.66989 2.6038
internal_count=59 40 33 7 25 22 20 19
shrinkage=0.0975091


Tree=42
num_leaves=9
num_cat=0
split_feature=1 6 4 9 4 6 2 2
split_gain=0.743399 1.02274 0.644934 0.71191 0.590427 0.528805 0.296279 0.112889
threshold=329.50000000000006 79.500000000000014 95.250000000000014 20.045245031047102 62.250000000000007 74.500000000000014 2.5000000000000004 1.5000000000000002
decision_type=10 2 2 10 2 2 10 8
left_child=4 2 3 -2 -1 -5 -7 -6
right_child=1 -3 -4 5 7 6 -8 -9
leaf_value=0 -0 -0.034117642538713092 -0 0 0 0.12056228411495308 -0 -0.076098050193761591
leaf_weight=0.29856175184249911 0.27779431641101915 0.78291814401745774 0.75803689658641793 0.65328239835798763 0.051862169057130481 1.7633196189999578 0.076039105653762706 1.6659621465951204
leaf_count=2 3 12 7 7 1 9 3 15
internal_value=0 0.208811 0.527386 0.741818 -0.474906 0.923021 1.1586 -0.734838
internal_weight=0 4.31139 3.52847 2.77044 2.01639 2.49264 1.83936 1.71782
internal_count=59 41 29 22 18 19 12 16
shrinkage=0.0975091


Tree=43
num_leaves=9
num_cat=0
split_feature=1 11 1 5 3 2 5 2
split_gain=0.574097 0.641918 1.32234 0.27816 0.266181 0.0602264 0.0583222 0.0459865
threshold=329.50000000000006 6.0000000000000009 378.50000000000006 10.500000000000002 505.50000000000006 1.5000000000000002 3.5000000000000004 2.5000000000000004
decision_type=10 2 10 2 10 8 2 10
left_child=5 3 4 7 -3 -1 -7 -2
right_child=1 2 -4 -5 -6 6 -8 -9
leaf_value=0 0.077100337550771503 0.070325066914549081 -0.064670858462486963 -0 -0 -0 -0.055521684213964737 -0
leaf_weight=0.051862169057130481 1.3857469875365493 1.0405070781707766 1.5647457558661697 0.13782062754034985 0.15145013108849514 0.54838922619819652 1.3487665709108112 0.020878726616501697
leaf_count=1 8 5 22 2 3 3 14 1
internal_value=0 0.16937 -0 0.636017 0.547595 -0.435209 -0.469308 0.769446
internal_weight=0 4.30115 2.7567 1.54445 1.19196 1.94902 1.89716 1.40663
internal_count=59 41 30 11 8 18 17 9
shrinkage=0.0975091


Tree=44
num_leaves=9
num_cat=0
split_feature=1 11 1 4 4 3 2 2
split_gain=0.495842 0.534259 1.14617 0.749445 0.521426 0.241751 0.102412 0.0588652
threshold=329.50000000000006 6.0000000000000009 378.50000000000006 91.950000000000017 62.250000000000007 505.50000000000006 1.5000000000000002 2.5000000000000004
decision_type=10 2 10 2 2 10 8 10
left_child=4 3 5 7 -1 -3 -6 -2
right_child=1 2 -4 -5 6 -7 -8 -9
leaf_value=0 0.093283093816772106 0.065423112934180905 -0.061827535438507851 -0 0 -0 -0.07064712438571337 -0
leaf_weight=0.29856175184249867 1.212689835578203 1.0375655815005305 1.4977435022592542 0.31683766469359387 0.051862169057130481 0.15145013108849514 1.5504107177257538 0.020878726616501697
leaf_count=2 7 5 22 3 1 3 15 1
internal_value=0 0.15412 -0 0.578399 -0.412097 0.501868 -0.677738 0.930964
internal_weight=0 4.23717 2.68676 1.55041 1.90083 1.18902 1.60227 1.23357
internal_count=59 41 30 11 18 8 16 8
shrinkage=0.0975091


Tree=45
num_leaves=8
num_cat=0
split_feature=5 4 4 11 6 9 9
split_gain=0.539194 0.155476 0.353535 0.0691744 0.0680656 0.161483 0.0514614
threshold=7.5000000000000009 91.200000000000017 86.950000000000017 14.000000000000002 79.500000000000014 25.844216990116504 23.955811960305954
decision_type=2 2 2 2 2 10 10
left_child=1 2 4 -3 5 -1 -5
right_child=-2 3 -4 6 -6 -7 -8
leaf_value=0.041486301977223201 -0.056717339237653916 -0 -0.053012012812423195 0.045398651440794892 -0 -0 -0
leaf_weight=0.89414767175912957 1.5967742409557102 0.073591716587543377 0.84952692035585631 0.8624977245926857 0.90692031197249889 0.20041114091873169 0.047242473810911179
leaf_count=5 27 1 7 5 9 3 2
internal_value=0 0 -0.0500797 0.32953 0 0.21529 0.410734
internal_weight=0 3.83434 2.85101 0.983332 2.00148 1.09456 0.90974
internal_count=59 32 24 8 17 8 7
shrinkage=0.0975091


Tree=46
num_leaves=5
num_cat=0
split_feature=1 2 5 1
split_gain=0.710056 0.162773 0.0525087 0.0138162
threshold=394.50000000000006 1.5000000000000002 6.5000000000000009 530.50000000000011
decision_type=8 10 2 8
left_child=-1 -2 3 -3
right_child=1 2 -4 -5
leaf_value=-0.054828504020751845 0.040999614834168266 -0 -0.020528628503858132 0.010090097597303456
leaf_weight=2.2286441288888454 0.54673476889729533 0.84919103421270847 0.81072355061769474 0.91633576899766911
leaf_count=24 3 8 18 6
internal_value=0 0 -0 0
internal_weight=0 3.12299 2.57625 1.76553
internal_count=59 35 32 14
shrinkage=0.0975091


Tree=47
num_leaves=8
num_cat=0
split_feature=1 3 9 1 7 9 9
split_gain=0.623672 0.0898074 0.148704 0.105211 0.101611 0.16072 0.0319657
threshold=394.50000000000006 489.50000000000006 25.211894648014553 435.00000000000006 1.0000000180025095e-35 23.182230046156903 27.179549332110003
decision_type=8 10 10 10 2 10 10
left_child=-1 4 -3 -4 -2 -6 -5
right_child=1 2 3 6 5 -7 -8
leaf_value=-0.051553671343125204 -0 -0.031640683598496103 -0 0.038845589494069632 0.052738701190726447 -0 -0
leaf_weight=2.1660994570702314 0.34866025298833869 1.0274645052850244 0.2427728846669196 0.49759294092655182 0.82981493324041355 0.1251823753118515 0.035863989964127541
leaf_count=24 3 20 3 2 4 1 2
internal_value=0 0 -0 0.0315286 0.231371 0.379521 0.342354
internal_weight=0 3.10735 1.80369 0.77623 1.30366 0.954997 0.533457
internal_count=59 35 27 7 8 5 4
shrinkage=0.0975091


Tree=48
num_leaves=13
num_cat=0
split_feature=4 1 5 1 9 6 1 6 9 9 1 6
split_gain=2.03732 0.681473 0.54639 0.485152 0.394745 0.160605 0.0648162 0.0748444 0.0470707 0.0842434 0.0567862 0.0280904
threshold=88.050000000000011 444.00000000000006 7.5000000000000009 329.50000000000006 18.535178777393302 72.500000000000014 383.50000000000006 74.500000000000014 22.735008651320403 20.956797065233854 407.50000000000006 83.500000000000014
decision_type=2 8 2 10 10 2 10 2 10 10 10 2
left_child=1 6 3 -2 -3 -5 -1 -8 9 -4 -11 -9
right_child=2 4 8 5 -6 -7 7 11 -10 10 -12 -13
leaf_value=-0.008280067570320071 -0 0 -0 -0 -0.083483087348652507 0.10321873069655868 -0 0.039876006890807822 -0.01223125094979256 0.044606796084843359 -0 -0
leaf_weight=0.45986051298677938 0.16512219421565566 0.1505423188209537 0.13205674663186051 0.049542017281055339 2.5714895538985729 1.5417846273630855 0.10427539050579072 0.59316284395754337 0.72304509952664364 0.44239301979541779 0.056105982512235641 0.029591191560029984
leaf_count=4 3 1 2 1 17 8 2 4 12 2 2 1
internal_value=0 -0.502814 0.523422 0.839354 -0.754891 1.00527 0 0.231106 0 0.172267 0.361561 0.366182
internal_weight=0 3.90892 3.11005 1.75645 2.72203 1.59133 1.18689 0.727029 1.3536 0.630556 0.498499 0.622754
internal_count=59 29 30 12 18 9 11 7 18 6 4 5
shrinkage=0.0975091


Tree=49
num_leaves=10
num_cat=0
split_feature=4 1 5 1 3 2 1 1 1
split_gain=1.69924 0.579502 0.462243 0.435418 0.31984 0.144724 0.0755934 0.0328308 0.0367768
threshold=88.050000000000011 444.00000000000006 7.5000000000000009 329.50000000000006 565.00000000000011 2.5000000000000004 383.50000000000006 340.00000000000006 300.50000000000006
decision_type=2 8 2 10 10 10 10 10 10
left_child=1 4 3 -2 -1 -5 -6 8 -4
right_child=2 -3 7 5 6 -7 -8 -9 -10
leaf_value=-0.027669088390286548 -0 -0.068391326135769898 -0 0.095498161660012293 -0 -0 0.059138763958768166 -0.010567953741007269 0.024162220360766058
leaf_weight=0.67012148909270797 0.16512219421565566 2.6560458019375801 0.082732288166880386 1.534496648237109 0.050621435046195984 0.049542017281055339 0.47252076864242559 0.71265689842402935 0.55181080102920532
leaf_count=8 3 18 2 8 1 1 2 13 3
internal_value=0 -0.464465 0.476567 0.76743 0 0.927898 0.512655 0 0.141061
internal_weight=0 3.84931 3.09636 1.74916 1.19326 1.58404 0.523142 1.3472 0.634543
internal_count=59 29 30 12 11 9 3 18 5
shrinkage=0.0975091


Tree=50
num_leaves=10
num_cat=0
split_feature=4 1 5 1 3 6 1 1 1
split_gain=1.4227 0.499858 0.389354 0.392439 0.281378 0.131074 0.0699225 0.0276925 0.0338582
threshold=88.050000000000011 444.00000000000006 7.5000000000000009 329.50000000000006 565.00000000000011 72.500000000000014 383.50000000000006 340.00000000000006 300.50000000000006
decision_type=2 8 2 10 10 2 10 10 10
left_child=1 4 3 -2 -1 -5 -6 8 -4
right_child=2 -3 7 5 6 -7 -8 -9 -10
leaf_value=-0.026182043945080207 -0 -0.063631492189482081 -0 -0 -0 0.088620350391251129 0.055595183624372872 -0.0099506290607507299 0.022701824135780369
leaf_weight=0.66084568016231082 0.16512219421565566 2.6069019641727209 0.082732288166880386 0.049542017281055339 0.050621435046195984 1.5219818837940691 0.47721308469772333 0.70658241957426071 0.5539836585521698
leaf_count=8 3 18 2 1 1 8 2 13 3
internal_value=0 -0.429605 0.434868 0.702812 0 0.858828 0.478843 0 0.127539
internal_weight=0 3.79558 3.07994 1.73665 1.18868 1.57152 0.527835 1.3433 0.636716
internal_count=59 29 30 12 11 9 3 18 5
shrinkage=0.0975091


Tree=51
num_leaves=9
num_cat=0
split_feature=6 0 4 4 6 8 2 3
split_gain=0.899952 1.20741 0.715773 0.305283 0.177336 0.141404 0.101964 0.0327623
threshold=75.500000000000014 1.0000000180025095e-35 64.950000000000017 48.900000000000013 72.500000000000014 1.0000000180025095e-35 3.5000000000000004 444.00000000000006
decision_type=2 10 2 2 2 10 8 10
left_child=4 2 -2 -3 -1 6 7 -6
right_child=1 3 -4 -5 5 -7 -8 -9
leaf_value=-0 0 -0 -0.087593429955704016 0.055743944667436984 -0 -0 -0 0.058862213405382675
leaf_weight=0.14458036050200496 0.22827826440334401 0.2329152226448058 2.4481447711586952 0.70068633556365967 0.020773872733117368 0.10302194580435742 0.067251471802592167 2.242215545848012
leaf_count=2 1 1 28 3 1 2 2 19
internal_value=0 -0.316893 -0.715487 0.187418 0.411517 0.491161 0.550201 0.590854
internal_weight=0 3.61002 2.67642 0.933602 2.57784 2.43326 2.33024 2.26299
internal_count=59 33 29 4 26 24 22 20
shrinkage=0.0975091


Tree=52
num_leaves=9
num_cat=0
split_feature=6 0 4 4 1 2 8 6
split_gain=0.704198 1.05455 0.67497 0.276987 0.239301 0.0616749 0.0623229 0.0370668
threshold=75.500000000000014 1.0000000180025095e-35 64.950000000000017 48.900000000000013 300.50000000000006 3.5000000000000004 1.0000000180025095e-35 72.500000000000014
decision_type=2 10 2 2 10 10 10 2
left_child=4 2 -2 -3 -1 6 7 -6
right_child=1 3 -4 -5 5 -7 -8 -9
leaf_value=-0 0 -0 -0.084113521733003419 0.052465443203759496 -0 -0 -0 0.053569174846891179
leaf_weight=0.21549119241535697 0.22827826440334401 0.2329152226448058 2.3227016218006611 0.69550745189189911 0.026353765279055863 0.048085525631904491 0.045697167515754582 2.2595392037183046
leaf_count=4 1 1 28 3 1 1 1 19
internal_value=0 -0.283516 -0.674743 0.158281 0.364492 0.479744 0.506992 0.533749
internal_weight=0 3.4794 2.55098 0.928423 2.59517 2.37968 2.33159 2.28589
internal_count=59 33 29 4 26 22 21 20
shrinkage=0.0975091


Tree=53
num_leaves=9
num_cat=0
split_feature=6 0 1 11 2 2 5 1
split_gain=0.545397 0.918746 0.43061 0.316508 0.127236 0.0905812 0.0992804 0.0663437
threshold=75.500000000000014 1.0000000180025095e-35 1.0000000180025095e-35 6.0000000000000009 1.5000000000000002 3.5000000000000004 11.500000000000002 407.50000000000006
decision_type=2 10 10 2 8 10 2 10
left_child=3 2 -2 5 -5 6 -1 -3
right_child=1 7 -4 4 -6 -7 -8 -9
leaf_value=0.074639118350912151 0 -0 -0.078266571423103934 0.025469018032495169 -0.0211931409725379 -0 -0 0.031100322154284057
leaf_weight=1.0181686989963057 0.38109292089939201 0.42597083747386921 2.0523970201611519 0.63677203655242887 0.85977243259549152 0.048085525631904491 0.047540485858917125 0.49677589535713201
leaf_count=6 2 2 27 3 15 1 1 2
internal_value=0 -0.251575 -0.635158 0.321942 -0 0.648574 0.70542 0.130945
internal_weight=0 3.35624 2.43349 2.61034 1.49654 1.11379 1.06571 0.922747
internal_count=59 33 29 26 18 8 7 4
shrinkage=0.0975091


Tree=54
num_leaves=9
num_cat=0
split_feature=9 11 9 2 10 6 11 6
split_gain=0.586008 0.390327 0.588323 0.183193 0.738675 0.136358 0.0156168 0.00984654
threshold=22.868044268421055 18.000000000000004 20.436437811964101 1.5000000000000002 1.0000000180025095e-35 87.500000000000014 14.000000000000002 79.500000000000014
decision_type=10 2 8 8 2 2 2 2
left_child=1 2 -1 5 6 -2 7 -5
right_child=3 -3 -4 4 -6 -7 -8 -9
leaf_value=-0 0.036000040778656928 -0 0.088182874088628543 0.016954699837484381 -0.067581916179083504 -0 -0 -0
leaf_weight=0.21738492883741867 0.66123180091381117 0.65526674035936572 1.6839841082692146 0.46826200187206279 1.5352686485275626 0.21207615733146667 0.13125024363398552 0.029330923222005367
leaf_count=2 3 10 11 2 25 1 3 2
internal_value=0 0.490285 0.693652 -0 -0.265158 0.0616781 0 0.13386
internal_weight=0 2.55664 1.90137 3.03742 2.16411 0.873308 0.628843 0.497593
internal_count=59 23 13 36 32 4 7 4
shrinkage=0.0975091


Tree=55
num_leaves=12
num_cat=0
split_feature=4 1 2 1 1 5 9 1 6 4 9
split_gain=0.555614 0.537217 0.551398 0.504916 0.456119 0.276821 0.160496 0.157431 0.137435 0.0785345 0.0585197
threshold=93.450000000000017 530.50000000000011 1.5000000000000002 286.00000000000006 475.50000000000006 6.5000000000000009 29.479629209585706 713.50000000000011 77.500000000000014 91.950000000000017 19.317937968390304
decision_type=2 8 8 10 10 2 10 10 2 2 8
left_child=1 2 -1 -2 8 6 7 9 -5 10 -3
right_child=3 5 -4 4 -6 -7 -8 -9 -10 -11 -12
leaf_value=0 -0 -0 -0.066925612668265341 0.10336089002050333 -0 -0 -0 -0 -0 -0 0.074646132847574181
leaf_weight=0.63516563177108842 0.22467500530183304 0.027799705043434764 1.5753749869763849 1.1857103835791347 0.1659216247498988 0.27510454133152951 0.10395978391170492 0.085674047470092662 0.043293101713061215 0.039441995322704211 1.1654131934046745
leaf_count=3 3 1 28 6 3 4 1 1 2 1 6
internal_value=0 -0 -0.376775 0.572769 0.80943 0.286755 0.498932 0.599221 1.00376 0.690074 0.733689
internal_weight=0 3.90793 2.21054 1.6196 1.39493 1.69739 1.42229 1.31833 1.229 1.23265 1.19321
internal_count=59 45 31 14 11 14 10 9 8 8 7
shrinkage=0.0975091


Tree=56
num_leaves=8
num_cat=0
split_feature=4 3 2 1 3 1 4
split_gain=0.448641 0.56049 0.542074 0.44973 0.636263 0.168953 0.0769505
threshold=93.450000000000017 655.50000000000011 1.5000000000000002 286.00000000000006 521.50000000000011 713.50000000000011 79.750000000000014
decision_type=2 8 8 10 10 10 2
left_child=1 2 -1 -2 -5 6 -3
right_child=3 5 -4 4 -6 -7 -8
leaf_value=0 -0 -0 -0.06588554731166546 0.10028342241176431 -0 -0 0.051441646542864525
leaf_weight=0.63516563177108842 0.22467500530183304 0.18515288084745399 1.6130134663544593 1.1472652256488798 0.24160963110625733 0.16987048834562293 1.2116901502013204
leaf_count=3 3 2 31 5 6 2 7
internal_value=0 -0 -0.373136 0.512987 0.742841 0.317319 0.453609
internal_weight=0 3.81489 2.24818 1.61355 1.38887 1.56671 1.39684
internal_count=59 45 34 14 11 11 9
shrinkage=0.0975091


Tree=57
num_leaves=12
num_cat=0
split_feature=3 7 4 1 9 1 4 3 5 2 9
split_gain=1.00771 1.94583 1.03984 1.02863 0.400721 0.234101 0.220047 0.207929 0.175691 0.115901 0.0749027
threshold=530.50000000000011 1.0000000180025095e-35 88.700000000000017 743.00000000000011 29.479629209585706 353.50000000000006 48.900000000000013 469.00000000000006 7.5000000000000009 2.5000000000000004 21.077129486493604
decision_type=10 2 2 10 10 10 2 10 2 10 10
left_child=1 5 3 4 8 7 -3 -1 9 10 -2
right_child=2 6 -4 -5 -6 -7 -8 -9 -10 -11 -12
leaf_value=-0 -0 0 -0.0056001867257565105 -0 -0 -0 -0.090832937643694434 0.081228628366859748 -0 -0 0.11979573002001766
leaf_weight=0.097712976858020162 0.018838202580812147 0.079387985169887876 0.4120076904073357 0.70889479666948307 0.10809845477342594 0.15076776035130024 1.9368199547752736 0.72501859068870544 0.04680541343986977 0.029945329762995129 2.0810017958283424
leaf_count=4 1 1 8 4 1 4 18 3 2 2 11
internal_value=0 -0.218036 0.480416 0.753027 1.05126 0.487783 -0.864215 0.680832 1.14416 1.1848 1.21144
internal_weight=0 2.98971 3.40559 2.99358 2.28469 0.973499 2.01621 0.822732 2.17659 2.12979 2.09984
internal_count=59 30 29 21 17 11 19 7 16 14 12
shrinkage=0.0975091


Tree=58
num_leaves=13
num_cat=0
split_feature=3 7 11 5 11 1 9 3 9 2 3 3
split_gain=0.765131 1.69819 0.62388 0.372327 0.373237 0.211154 0.205912 0.189719 0.109405 0.0274393 0.00103765 0.0278147
threshold=530.50000000000011 1.0000000180025095e-35 10.000000000000002 7.5000000000000009 38.000000000000007 353.50000000000006 20.732076414250006 469.00000000000006 21.077129486493604 2.5000000000000004 667.50000000000011 818.00000000000011
decision_type=10 2 2 2 2 10 10 10 10 10 10 10
left_child=1 5 10 4 8 7 -3 -1 -4 -10 -2 -12
right_child=2 6 3 -5 -6 -7 -8 -9 9 -11 11 -13
leaf_value=-0 0 0 -0 -0 -0 -0 -0.086463334501810762 0.075825108052586507 0.10167985288972374 -0 -0.018255044625715484 0
leaf_weight=0.097712976858020162 0.55524130817502759 0.079387985169887418 0.035271445289254078 0.15585198253393162 0.12526596337556828 0.15076776035130024 1.8591677974909542 0.72745479643344879 1.6179682072252033 0.0086475126445292299 0.44924397766590118 0.41950933635234833
leaf_count=4 7 1 2 4 2 4 18 3 9 1 2 2
internal_value=0 -0.188538 0.419929 0.744302 0.875341 0.443191 -0.818681 0.630242 0.998349 1.0339 -0 -0.0288962
internal_weight=0 2.91449 3.367 1.94301 1.78715 0.975936 1.93856 0.825168 1.66189 1.62662 1.42399 0.868753
internal_count=59 30 29 18 14 11 19 7 12 10 11 4
shrinkage=0.0975091


Tree=59
num_leaves=10
num_cat=0
split_feature=3 7 4 1 4 1 3 5 2
split_gain=0.61521 1.48121 0.845989 0.823788 0.192839 0.190739 0.173622 0.132107 0.0872781
threshold=530.50000000000011 1.0000000180025095e-35 88.700000000000017 743.00000000000011 48.900000000000013 353.50000000000006 469.00000000000006 7.5000000000000009 2.5000000000000004
decision_type=10 2 2 10 2 10 10 2 10
left_child=1 5 3 7 -3 6 -1 8 -2
right_child=2 4 -4 -5 -6 -7 -8 -9 -10
leaf_value=-0 0.095788482995057878 0 -0.0055247136789003132 -0 -0.082334037196808763 -0 0.070920119929875264 -0 -0
leaf_weight=0.097712976858020162 2.1400426123291272 0.079387985169887418 0.41779779084026802 0.70726894587278355 1.7846015719696877 0.15076776035130024 0.72775906324386597 0.04680541343986977 0.029945329762995129
leaf_count=4 13 1 8 4 18 4 3 2 2
internal_value=0 -0.161052 0.381017 0.64754 -0.775568 0.402221 0.584074 0.922904 0.958828
internal_weight=0 2.84023 3.34186 2.92406 1.86399 0.97624 0.825472 2.21679 2.16999
internal_count=59 30 29 21 19 11 7 17 15
shrinkage=0.0975091


end of trees

feature importances:
Simple_reaction_time_Ex5=115
Choice_reaction_time_Ex5=85
BMIX4=75
CASIX4=48
Olfaction_complete_Ex5_Ex4=48
ECGage=47
new_BM_frequency=42
Coffee_oz_Ex1=40
new_smoke=14
TBI_LOC=12
Sleepy_complete=7
HYPBP1=4

parameters:
[boosting: gbdt]
[objective: binary]
[metric: auc]
[tree_learner: serial]
[device_type: cpu]
[data: ]
[valid: ]
[num_iterations: 100]
[learning_rate: 0.0975091]
[num_leaves: 21]
[num_threads: 4]
[max_depth: 25]
[min_data_in_leaf: 1]
[min_sum_hessian_in_leaf: 0.001]
[bagging_fraction: 0.338711]
[pos_bagging_fraction: 1]
[neg_bagging_fraction: 1]
[bagging_freq: 3]
[bagging_seed: 3]
[feature_fraction: 0.762063]
[feature_fraction_bynode: 1]
[feature_fraction_seed: 2]
[early_stopping_round: 0]
[first_metric_only: 0]
[max_delta_step: 0]
[lambda_l1: 0.674952]
[lambda_l2: 0.373958]
[min_gain_to_split: 0]
[drop_rate: 0.1]
[max_drop: 50]
[skip_drop: 0.5]
[xgboost_dart_mode: 0]
[uniform_drop: 0]
[drop_seed: 4]
[top_rate: 0.2]
[other_rate: 0.1]
[min_data_per_group: 100]
[max_cat_threshold: 32]
[cat_l2: 10]
[cat_smooth: 10]
[max_cat_to_onehot: 4]
[top_k: 20]
[monotone_constraints: ]
[feature_contri: ]
[forcedsplits_filename: ]
[forcedbins_filename: ]
[refit_decay_rate: 0.9]
[cegb_tradeoff: 1]
[cegb_penalty_split: 0]
[cegb_penalty_feature_lazy: ]
[cegb_penalty_feature_coupled: ]
[verbosity: 1]
[max_bin: 181]
[max_bin_by_feature: ]
[min_data_in_bin: 3]
[bin_construct_sample_cnt: 200000]
[histogram_pool_size: -1]
[data_random_seed: 1]
[output_model: LightGBM_model.txt]
[snapshot_freq: -1]
[input_model: ]
[output_result: LightGBM_predict_result.txt]
[initscore_filename: ]
[valid_data_initscores: ]
[pre_partition: 0]
[enable_bundle: 1]
[max_conflict_rate: 0]
[is_enable_sparse: 1]
[sparse_threshold: 0.8]
[use_missing: 1]
[zero_as_missing: 0]
[two_round: 0]
[save_binary: 0]
[header: 0]
[label_column: ]
[weight_column: ]
[group_column: ]
[ignore_column: ]
[categorical_feature: ]
[predict_raw_score: 0]
[predict_leaf_index: 0]
[predict_contrib: 0]
[num_iteration_predict: -1]
[pred_early_stop: 0]
[pred_early_stop_freq: 10]
[pred_early_stop_margin: 10]
[convert_model_language: ]
[convert_model: gbdt_prediction.cpp]
[num_class: 1]
[is_unbalance: 0]
[scale_pos_weight: 1]
[sigmoid: 1]
[boost_from_average: 1]
[reg_sqrt: 0]
[alpha: 0.9]
[fair_c: 1]
[poisson_max_delta_step: 0.7]
[tweedie_variance_power: 1.5]
[max_position: 20]
[lambdamart_norm: 1]
[label_gain: ]
[metric_freq: 1]
[is_provide_training_metric: 0]
[eval_at: ]
[multi_error_top_k: 1]
[num_machines: 1]
[local_listen_port: 12400]
[time_out: 120]
[machine_list_filename: ]
[machines: ]
[gpu_platform_id: -1]
[gpu_device_id: -1]
[gpu_use_dp: 0]

end of parameters

pandas_categorical:[]
