tree
version=v3
num_class=1
num_tree_per_iteration=1
label_index=0
max_feature_idx=11
objective=binary sigmoid:1
feature_names=Sleepy_complete Simple_reaction_time_Ex5 new_BM_frequency Choice_reaction_time_Ex5 CASIX4 Olfaction_complete_Ex5_Ex4 ECGage new_smoke TBI_LOC BMIX4 HYPBP1 Coffee_oz_Ex1
feature_infos=[0:1] [226:1040] [0:4] [60:1136] [2.5:98.400000000000006] [0:12] [72:90] [0:2] [0:1] [14.8542690108118:39.3445072771772] [0:1] [0:60]
tree_sizes=987 931 967 1011 1123 972 1031

Tree=0
num_leaves=9
num_cat=0
split_feature=3 11 11 2 8 2 5 9
split_gain=15.5876 2.93137 4.1215 2.096 2.48947 2.01328 1.48537 1.98337
threshold=706.00000000000011 10.000000000000002 6.0000000000000009 1.0000000180025095e-35 inf 2.5000000000000004 9.5000000000000018 27.476263456872456
decision_type=8 2 2 10 8 10 10 10
left_child=1 2 -1 -2 -5 6 7 -4
right_child=3 -3 5 4 -6 -7 -8 -9
leaf_value=-1.3079411136659704 -1.2311014717141886 -1.3349241335417394 -0.98156985748119296 -0.9525471868522003 -1.2311014717141886 -1.2311014717141886 -1.2311014717141886 -1.2311014717141886
leaf_weight=1.9240958243608457 0.17491780221462372 4.7227806597948074 0.87458901107311215 1.7491780221462245 0.17491780221462261 0.34983560442924511 0.17491780221462239 0.1749178022146225
leaf_count=11 1 27 5 10 1 2 1 1
internal_value=0 -0.575505 0 2.26981 2.54092 1.17602 1.71619 2.08584
internal_weight=0 8.22114 3.49836 2.09901 1.9241 1.57426 1.22442 1.04951
internal_count=59 47 20 12 11 9 7 6
shrinkage=1


Tree=1
num_leaves=9
num_cat=0
split_feature=1 1 1 1 9 3 11 11
split_gain=13.3836 1.97586 2.76279 1.81038 1.76676 1.90067 1.54572 1.19635
threshold=580.50000000000011 364.00000000000006 322.50000000000006 902.00000000000011 22.829048365207004 574.00000000000011 6.0000000000000009 10.000000000000002
decision_type=8 10 10 10 10 8 2 2
left_child=1 2 -1 4 -2 -6 -4 -8
right_child=3 -3 6 -5 5 -7 7 -9
leaf_value=-0.07272836631510976 -0 -0.10069558413040307 -0 -0 -0 0.24123125986735222 0.18671080117125763 -0
leaf_weight=1.8294900506734841 0.17491780221462416 4.5014387369155884 0.33506858348846413 0.20088140666484824 0.16493795812130008 2.1811307817697525 0.79312127828598011 0.16493795812129974
leaf_count=11 1 27 2 1 1 11 4 1
internal_value=0 -0.634841 -0 1.81161 2.03347 2.24732 0.960189 1.52129
internal_weight=0 7.62406 3.12262 2.72187 2.52099 2.34607 1.29313 0.958059
internal_count=59 45 18 14 13 12 7 5
shrinkage=0.0975091


Tree=2
num_leaves=9
num_cat=0
split_feature=1 2 1 9 5 1 3 3
split_gain=10.5118 2.66073 1.90163 1.86904 1.81863 0.536485 0.114097 1.85026
threshold=580.50000000000011 1.0000000180025095e-35 902.00000000000011 22.829048365207004 3.5000000000000004 332.50000000000006 493.50000000000006 475.50000000000006
decision_type=8 10 10 10 10 10 10 10
left_child=4 -2 3 -3 5 -1 7 -6
right_child=1 2 -4 -5 6 -7 -8 -9
leaf_value=0.085382569063146452 -0 -0 -0 0.22818077891530605 -0.072873733468404062 -0 -0.097411844783408072 0.085382569063146355
leaf_weight=0.42865344882011314 0.36246842145919922 0.17491780221462327 0.20088140666484824 2.2064247876405716 1.9077997803688052 0.32279485464096069 4.2624093592166901 0.42865344882011402
leaf_count=2 2 1 1 10 12 2 27 2
internal_value=0 1.52312 1.872 2.10952 -0.603458 0.264794 -0.808027 -0.120842
internal_weight=0 2.94469 2.58222 2.38134 7.35031 0.751448 6.59886 2.33645
internal_count=59 14 12 11 45 4 41 14
shrinkage=0.0975091


Tree=3
num_leaves=10
num_cat=0
split_feature=5 3 1 1 6 1 9 6 6
split_gain=6.23167 2.78888 1.70268 1.52509 1.5759 1.14908 1.08886 0.946242 0.807092
threshold=3.5000000000000004 489.50000000000006 291.00000000000006 420.50000000000006 88.500000000000014 640.50000000000011 22.099693875181256 77.500000000000014 76.500000000000014
decision_type=8 8 10 8 2 10 10 2 2
left_child=3 2 -2 -1 6 -3 -5 -4 -8
right_child=1 5 7 4 -6 -7 8 -9 -10
leaf_value=-0 -0.022355799046770031 -0.10579815391245592 0.16651968494032818 -0 -0 0 0 -0 0.20150504778979403
leaf_weight=0.35396726429462377 0.76010820269584722 5.6081699281930923 0.55030222237110138 0.15785689651966173 0.235960617661476 0.43684202432632441 0.4719212353229526 0.16052612662315369 1.5359587818384168
leaf_count=2 5 35 3 1 1 2 2 1 7
internal_value=0 -0.637908 0.239881 1.00475 1.29912 -0.958182 1.57004 1.26985 1.75657
internal_weight=0 7.51595 1.47094 2.75566 2.4017 6.04501 2.16574 0.710828 2.00788
internal_count=59 46 9 13 11 37 10 4 9
shrinkage=0.0975091


Tree=4
num_leaves=11
num_cat=0
split_feature=5 11 6 9 4 6 4 4 6 5
split_gain=5.09826 1.1019 0.970863 0.654697 0.440946 0.163519 0.0837193 0.147301 0.0217364 0.166238
threshold=3.5000000000000004 1.0000000180025095e-35 88.500000000000014 22.099693875181256 77.450000000000017 76.500000000000014 94.65000000000002 95.250000000000014 74.500000000000014 5.5000000000000009
decision_type=10 2 2 10 2 2 2 2 2 10
left_child=2 8 3 -1 -3 -5 -6 -8 -2 -10
right_child=1 4 -4 5 6 -7 7 -9 9 -11
leaf_value=-0 0.019500110025850205 -0 -0 0 -0.095529128151536039 0.13165083137228656 0 -0.033162058226738962 0.01155106609250528 -0.036257360459672962
leaf_weight=0.15785689651966173 0.16954666376113867 0.79585541784763325 0.235960617661476 0.4719212353229526 4.148217111825943 1.971947655081749 0.23244374990463235 0.89958728849887837 0.1914685070514679 0.77099317312240612
leaf_count=1 1 5 1 2 28 9 1 6 1 4
internal_value=0 -0.59827 0.88002 1.07801 -0.769142 1.20812 -0.867659 -0 0 -0
internal_weight=0 7.20811 2.83769 2.60173 6.0761 2.44387 5.28025 1.13203 1.13201 0.962462
internal_count=59 46 13 12 40 11 35 7 6 5
shrinkage=0.0975091


Tree=5
num_leaves=9
num_cat=0
split_feature=5 10 3 3 4 7 3 4
split_gain=4.23147 2.93364 2.38555 1.40961 0.830715 0.791099 0.148849 0.183265
threshold=3.5000000000000004 1.0000000180025095e-35 489.50000000000006 459.50000000000006 77.450000000000017 1.5000000000000002 788.00000000000011 80.750000000000014
decision_type=10 2 8 10 2 2 10 2
left_child=1 -1 3 -2 -4 -5 -3 -8
right_child=2 6 4 5 -6 -7 7 -9
leaf_value=0.16284897112469054 -0.018189509461310965 -0.035099591091147263 0 0.14847866147747177 -0.099800734597492821 -0 -0 0.044760818342776613
leaf_weight=1.396373525261879 0.72494804859161344 0.77245257794857025 0.64698190987110127 0.59640200436115276 4.8085651695728302 0.1570487767457962 0.23596061766147611 0.49719879031181335
leaf_count=6 5 4 4 3 33 1 1 2
internal_value=0 0.782167 -0.561029 0.2173 -0.88814 1.13753 -0 0.0166068
internal_weight=0 2.90199 6.93395 1.4784 5.45555 0.753451 1.50561 0.733159
internal_count=59 13 46 9 37 4 7 3
shrinkage=0.0975091


Tree=6
num_leaves=10
num_cat=0
split_feature=4 6 5 6 3 3 3 5 6
split_gain=5.69987 1.93908 1.14949 1.22517 1.03054 3.28399 0.787828 0.60991 0.123238
threshold=83.450000000000017 76.500000000000014 8.5000000000000018 72.500000000000014 477.00000000000006 459.50000000000006 385.50000000000006 4.5000000000000009 88.500000000000014
decision_type=2 2 10 2 8 10 8 10 2
left_child=2 4 3 -1 5 -2 -5 -6 -8
right_child=1 -3 -4 6 7 -7 8 -9 -10
leaf_value=-0 -0.020853988756136081 -0.089035792105214409 -0 -0 0 0.18191770131818241 0.16059151210350928 -0.064780352092059901 0
leaf_weight=0.21518111228942949 0.74506483972072624 3.0848612636327744 0.27399249374866474 0.13822627067565951 0.24369660019874559 0.79654833674430847 2.6507105529308324 1.4366772323846815 0.44810861349105824
leaf_count=1 5 21 2 1 1 4 13 9 2
internal_value=0 -0.376045 1.09524 1.25932 0 0.662716 1.42115 -0.303507 1.52543
internal_weight=0 6.30685 3.72622 3.45223 3.22199 1.54161 3.23705 1.68037 3.09882
internal_count=59 40 19 17 19 9 16 10 15
shrinkage=0.0975091


end of trees

feature importances:
Choice_reaction_time_Ex5=11
Simple_reaction_time_Ex5=10
ECGage=9
Olfaction_complete_Ex5_Ex4=8
CASIX4=6
BMIX4=5
Coffee_oz_Ex1=5
new_BM_frequency=3
new_smoke=1
TBI_LOC=1
HYPBP1=1

parameters:
[boosting: gbdt]
[objective: binary]
[metric: auc]
[tree_learner: serial]
[device_type: cpu]
[data: ]
[valid: ]
[num_iterations: 100]
[learning_rate: 0.0975091]
[num_leaves: 21]
[num_threads: 4]
[max_depth: 25]
[min_data_in_leaf: 1]
[min_sum_hessian_in_leaf: 0.001]
[bagging_fraction: 0.338711]
[pos_bagging_fraction: 1]
[neg_bagging_fraction: 1]
[bagging_freq: 3]
[bagging_seed: 3]
[feature_fraction: 0.762063]
[feature_fraction_bynode: 1]
[feature_fraction_seed: 2]
[early_stopping_round: 0]
[first_metric_only: 0]
[max_delta_step: 0]
[lambda_l1: 0.674952]
[lambda_l2: 0.373958]
[min_gain_to_split: 0]
[drop_rate: 0.1]
[max_drop: 50]
[skip_drop: 0.5]
[xgboost_dart_mode: 0]
[uniform_drop: 0]
[drop_seed: 4]
[top_rate: 0.2]
[other_rate: 0.1]
[min_data_per_group: 100]
[max_cat_threshold: 32]
[cat_l2: 10]
[cat_smooth: 10]
[max_cat_to_onehot: 4]
[top_k: 20]
[monotone_constraints: ]
[feature_contri: ]
[forcedsplits_filename: ]
[forcedbins_filename: ]
[refit_decay_rate: 0.9]
[cegb_tradeoff: 1]
[cegb_penalty_split: 0]
[cegb_penalty_feature_lazy: ]
[cegb_penalty_feature_coupled: ]
[verbosity: 1]
[max_bin: 181]
[max_bin_by_feature: ]
[min_data_in_bin: 3]
[bin_construct_sample_cnt: 200000]
[histogram_pool_size: -1]
[data_random_seed: 1]
[output_model: LightGBM_model.txt]
[snapshot_freq: -1]
[input_model: ]
[output_result: LightGBM_predict_result.txt]
[initscore_filename: ]
[valid_data_initscores: ]
[pre_partition: 0]
[enable_bundle: 1]
[max_conflict_rate: 0]
[is_enable_sparse: 1]
[sparse_threshold: 0.8]
[use_missing: 1]
[zero_as_missing: 0]
[two_round: 0]
[save_binary: 0]
[header: 0]
[label_column: ]
[weight_column: ]
[group_column: ]
[ignore_column: ]
[categorical_feature: ]
[predict_raw_score: 0]
[predict_leaf_index: 0]
[predict_contrib: 0]
[num_iteration_predict: -1]
[pred_early_stop: 0]
[pred_early_stop_freq: 10]
[pred_early_stop_margin: 10]
[convert_model_language: ]
[convert_model: gbdt_prediction.cpp]
[num_class: 1]
[is_unbalance: 0]
[scale_pos_weight: 1]
[sigmoid: 1]
[boost_from_average: 1]
[reg_sqrt: 0]
[alpha: 0.9]
[fair_c: 1]
[poisson_max_delta_step: 0.7]
[tweedie_variance_power: 1.5]
[max_position: 20]
[lambdamart_norm: 1]
[label_gain: ]
[metric_freq: 1]
[is_provide_training_metric: 0]
[eval_at: ]
[multi_error_top_k: 1]
[num_machines: 1]
[local_listen_port: 12400]
[time_out: 120]
[machine_list_filename: ]
[machines: ]
[gpu_platform_id: -1]
[gpu_device_id: -1]
[gpu_use_dp: 0]

end of parameters

pandas_categorical:[]
