tree
version=v3
num_class=1
num_tree_per_iteration=1
label_index=0
max_feature_idx=11
objective=binary sigmoid:1
feature_names=Sleepy_complete Simple_reaction_time_Ex5 new_BM_frequency Choice_reaction_time_Ex5 CASIX4 Olfaction_complete_Ex5_Ex4 ECGage new_smoke TBI_LOC BMIX4 HYPBP1 Coffee_oz_Ex1
feature_infos=[0:1] [1:1347] [0:4] [1:1812] [2.5:99] [0:12] [72:90] [0:2] [0:1] [14.6411231134028:39.3445072771772] [0:1] [0:64]
tree_sizes=1107 1237 1049 1335 1206 1234 1012 1183 1137

Tree=0
num_leaves=10
num_cat=0
split_feature=9 3 3 2 5 2 3 2 9
split_gain=5.424 9.64342 2.42591 1.95099 1.80164 1.62594 0.69377 1.03794 0.819024
threshold=25.004232074525252 477.50000000000006 493.50000000000006 2.5000000000000004 6.5000000000000009 1.5000000000000002 460.50000000000006 2.5000000000000004 24.752277974130703
decision_type=10 10 10 10 2 8 8 10 10
left_child=2 -2 6 4 -3 -4 -1 8 -8
right_child=1 3 5 -5 -6 -7 7 -9 -10
leaf_value=-1.2245187037659415 -1.2864401931755223 -0.92192331259998106 -1.2064275342407114 -1.2237754316221157 -1.2090808315910702 -1.3253380506658181 -1.0898126485244173 -1.2237754316221157 -1.2237754316221157
leaf_weight=0.52685952186584506 1.4049587249755862 1.4049587249755866 0.17561984062194813 0.17561984062194813 0.8780992031097411 4.2148761749267578 1.0537190437316892 0.35123968124389637 0.17561984062194813
leaf_count=3 8 8 1 1 5 24 6 2 1
internal_value=0 1.02064 -0.397873 2.16873 2.39762 -0.840992 0.240903 0.654679 1.08161
internal_weight=0 3.86364 6.49793 2.45868 2.28306 4.3905 2.10744 1.58058 1.22934
internal_count=59 22 37 14 13 25 12 9 7
shrinkage=1


Tree=1
num_leaves=12
num_cat=0
split_feature=9 3 7 3 0 1 9 1 1 1 3
split_gain=4.35943 7.63431 2.67731 2.02342 1.2687 0.969072 0.503405 0.689258 0.11285 0.24919 0.016274
threshold=25.004232074525252 477.50000000000006 1.0000000180025095e-35 493.50000000000006 1.0000000180025095e-35 335.50000000000006 24.752277974130703 487.00000000000006 408.50000000000006 770.00000000000011 672.50000000000011
decision_type=10 10 2 10 10 8 10 10 10 10 10
left_child=3 -2 -3 5 -5 -1 7 -7 -4 -10 -6
right_child=1 2 8 4 10 6 -8 -9 9 -11 -12
leaf_value=-0.021188680985388599 -0.059532405558953352 0.25181425521513034 -0 -0.096688062198658165 0.016754183387279357 0.11768814922198971 -0 -0 0.060786780132247899 -0 -0
leaf_weight=0.70233693718910251 1.3568222522735593 1.6021442264318466 0.35405278205871582 3.8147867918014526 0.17728012800216664 1.1299442946910856 0.17561984062194813 0.17554862797260273 0.55764104425907135 0.17561984062194824 0.16586029529571533
leaf_count=4 8 8 2 23 1 6 1 1 3 1 1
internal_value=0 0.891418 1.8515 -0.367354 -0.79299 0.176695 0.73351 0.945538 0 0.319252 0
internal_weight=0 4.04628 2.68946 6.34138 4.15793 2.18345 1.48111 1.30549 1.08731 0.733261 0.34314
internal_count=59 22 14 37 25 12 8 7 6 4 2
shrinkage=0.0975091


Tree=2
num_leaves=10
num_cat=0
split_feature=2 9 7 9 5 9 1 6 11
split_gain=3.70934 5.01337 4.43006 2.66847 1.60795 1.03917 0.758313 0.921124 0.962172
threshold=2.5000000000000004 23.955811960305954 1.0000000180025095e-35 21.390540292866053 8.5000000000000018 20.927116339025403 387.00000000000006 78.500000000000014 26.000000000000004
decision_type=8 10 2 8 2 10 8 2 2
left_child=1 3 4 5 -3 -1 -4 -8 -9
right_child=-2 2 6 -5 -6 -7 7 8 -10
leaf_value=-0 -0.08332771658433305 0.22509420738774663 -0.043055498794392813 -0.086063568787373604 -0 0.11870677701470149 -0 0.1528924609488132 -0
leaf_weight=0.33009132742881708 2.4498668015003213 1.9669530838727951 1.0095532536506655 2.6165320724248886 0.15657450258731831 0.73371578752994526 0.33219434320926644 0.59077863395214081 0.1828157901763916
leaf_count=2 15 9 6 16 1 4 2 3 1
internal_value=0 0.450987 1.18125 -0.254997 2.0859 0.647313 0 0.574606 1.10835
internal_weight=0 7.91921 4.23887 3.68034 2.12353 1.06381 2.11534 1.10579 0.773594
internal_count=59 44 22 22 10 6 12 6 4
shrinkage=0.0975091


Tree=3
num_leaves=13
num_cat=0
split_feature=3 5 1 6 2 1 9 3 3 9 2 3
split_gain=2.83348 2.18833 1.85551 1.31127 0.961788 0.761249 0.600967 0.545047 0.509877 1.77231 1.01517 0.0263307
threshold=655.50000000000011 1.5000000000000002 312.00000000000006 74.500000000000014 3.5000000000000004 335.50000000000006 24.940712636221953 477.50000000000006 472.50000000000006 26.434276811244054 3.5000000000000004 475.50000000000006
decision_type=10 2 8 2 10 8 10 8 10 10 8 10
left_child=1 5 8 -2 -5 -1 -7 11 -3 10 -10 -4
right_child=3 2 7 4 -6 6 -8 -9 9 -11 -12 -13
leaf_value=-0 -0 -0.030981807467121716 -0.015541444024757958 0.17261132649720665 -0 -0 0.1264368485619016 -0.10309869387007616 0.18492835649351919 -0.0038644884060927598 -0 0.00058952477659942628
leaf_weight=0.32531367242336062 0.30495513975620336 0.8339212685823445 0.66169044375419606 0.82270315289497375 0.14863951504230499 0.14838063716888439 0.65584725141525269 4.8363305777311325 0.50848735868930806 0.54028593003749847 0.14863951504230499 0.218126580119133
leaf_count=2 2 5 4 4 1 1 3 29 3 3 1 1
internal_value=0 -0.416543 -0.649326 0.946001 1.43961 0.495569 0.97955 -0.931092 0 0.496869 1.44697 -0
internal_weight=0 8.87702 7.74748 1.2763 0.971343 1.12954 0.804228 5.71615 2.03133 1.19741 0.657127 0.879817
internal_count=59 52 46 7 5 6 4 34 12 7 4 5
shrinkage=0.0975091


Tree=4
num_leaves=12
num_cat=0
split_feature=0 4 9 6 6 9 2 4 4 5 9
split_gain=2.8995 1.70513 1.30505 1.55433 1.05855 0.920515 0.715948 1.01893 0.531888 0.122259 0.295161
threshold=1.0000000180025095e-35 88.450000000000017 20.493593733317553 88.500000000000014 77.500000000000014 29.580582187519255 2.5000000000000004 94.65000000000002 94.65000000000002 6.5000000000000009 26.434276811244054
decision_type=10 2 10 2 2 10 8 2 2 2 10
left_child=2 -2 4 5 6 8 7 -1 -4 10 -5
right_child=1 -3 3 9 -6 -7 -8 -9 -10 -11 -12
leaf_value=0.16804516341889764 -0 0.15922815153799127 -0.10102274184117438 0.070479227784124104 -0.023242089700528823 0 -0 -0 -0 -0 -0
leaf_weight=0.55072769522666731 0.33914801478385992 0.86723759770393372 5.0021597146987915 0.45330685377120961 0.76558822393417347 0.41673359274864186 0.18184281885623929 0.1705404669046402 0.872547447681427 0.1815829873085022 0.17560051381587982
leaf_count=3 2 4 32 2 5 2 1 1 5 1 1
internal_value=0 1.00764 -0.403819 -0.60965 0.0929998 -0.804888 0.889959 1.25588 -0.915622 0.111675 0.369647
internal_weight=0 1.20639 8.77063 7.10193 1.6687 6.29144 0.903111 0.721268 5.87471 0.81049 0.628907
internal_count=59 6 53 43 10 39 5 4 37 4 3
shrinkage=0.0975091


Tree=5
num_leaves=12
num_cat=0
split_feature=0 4 3 2 9 5 9 7 2 9 9
split_gain=2.39292 1.47017 1.27861 0.947497 0.749161 0.275344 0.318412 0.487105 0.55414 0.0648734 0.193943
threshold=1.0000000180025095e-35 88.450000000000017 682.00000000000011 1.0000000180025095e-35 29.580582187519255 6.5000000000000009 26.434276811244054 1.5000000000000002 3.5000000000000004 20.319431338894351 20.230734530645702
decision_type=10 2 8 8 10 2 10 2 10 10 10
left_child=2 -2 3 -1 9 6 7 8 -4 10 -5
right_child=1 -3 5 4 -6 -7 -8 -9 -10 -11 -12
leaf_value=0.00098523288836911086 -0 0.14308545340685458 0.12494042629085818 -0.036676402968121101 0 -0 -0 -0 -0 -0.084248628001484097 0.012005070391258662
leaf_weight=0.21726599335670196 0.33914801478385992 0.91073349118232716 0.65034793317318029 0.93644189834594704 0.41673359274864186 0.32050201296806324 0.17560051381587982 0.17192254960536957 0.13917244970798492 5.2917113751173019 0.19026046991348269
leaf_count=1 2 4 3 6 2 2 1 1 1 35 1
internal_value=0 0.893414 -0.37301 -0.57648 -0.688308 0.159657 0.461653 0.692522 0.984438 -0.783026 -0
internal_weight=0 1.24988 8.50996 7.05241 6.83515 1.45755 1.13704 0.961443 0.78952 6.41841 1.1267
internal_count=59 6 53 45 44 8 6 5 4 42 7
shrinkage=0.0975091


Tree=6
num_leaves=10
num_cat=0
split_feature=3 4 3 3 6 6 3 2 6
split_gain=2.8704 2.07132 1.36504 1.3611 1.50688 1.20851 0.917326 1.04271 0.381124
threshold=757.00000000000011 91.200000000000017 508.50000000000006 445.50000000000006 73.500000000000014 81.500000000000014 934.00000000000011 1.5000000000000002 78.500000000000014
decision_type=8 2 10 10 2 2 10 10 2
left_child=1 -1 3 -3 -5 -6 7 -2 -4
right_child=6 2 8 4 5 -7 -8 -9 -10
leaf_value=-0.074887164906291992 -0 -0 -0.055147861171084792 -0 0.18448369339443801 -0 0 0.18521568836461758 0
leaf_weight=4.1708510890603057 0.14608593285083837 0.4335568845272072 1.3235156387090681 0.2915554642677306 1.1161888390779493 0.16409765183925618 0.61383891105651855 0.78091754019260395 0.40035505592823017
leaf_count=28 1 3 9 2 6 1 3 4 2
internal_value=0 -0.283212 0.115068 0.726993 1.16008 1.57921 1.07353 1.54963 -0.277751
internal_weight=0 7.90012 3.72927 2.0054 1.57184 1.28029 1.54084 0.927003 1.72387
internal_count=59 51 23 12 9 7 8 5 11
shrinkage=0.0975091


Tree=7
num_leaves=12
num_cat=0
split_feature=1 3 11 1 1 6 1 3 11 0 3
split_gain=3.21072 1.36567 1.05698 1.12333 0.575623 0.994813 0.76822 0.857555 1.07462 0.5693 0.457752
threshold=593.50000000000011 497.00000000000006 6.0000000000000009 770.00000000000011 330.50000000000006 78.500000000000014 405.50000000000006 445.50000000000006 6.0000000000000009 1.0000000180025095e-35 472.50000000000006
decision_type=8 10 2 10 10 2 10 10 2 10 10
left_child=1 4 -2 -4 10 6 7 -6 -9 -3 -1
right_child=2 9 3 -5 5 -7 -8 8 -10 -11 -12
leaf_value=-0.055933352016806687 -0 -0.086265103396515608 0.16694127866453126 -0 -0 -0 -0 -0 0.18337584017331793 0 0
leaf_weight=1.4061764180660241 0.65820024907589036 3.2333923354744916 1.1621759980916975 0.17466101050376881 0.16185438632965066 0.46490807831287367 0.19100372493267048 0.15238934755325317 0.79744048416614532 0.59297232329845417 0.35975484549999226
leaf_count=10 3 24 6 1 1 3 1 1 4 3 2
internal_value=0 -0.338928 0.9901 1.40545 0 0.457192 0.927534 1.21985 1.52242 -0.732559 -0.24456
internal_weight=0 7.35989 1.99504 1.33684 3.53353 1.7676 1.30269 1.11168 0.94983 3.82636 1.76593
internal_count=59 49 10 7 22 10 7 6 5 27 12
shrinkage=0.0975091


Tree=8
num_leaves=11
num_cat=0
split_feature=3 9 4 3 9 9 3 6 6 9
split_gain=1.99786 2.41207 1.66112 0.842894 1.41393 0.804138 0.663414 0.791693 0.316505 0.0057749
threshold=757.00000000000011 26.434276811244054 91.200000000000017 508.50000000000006 25.302749198853103 26.717820778856503 445.50000000000006 73.500000000000014 78.500000000000014 26.966718783655804
decision_type=8 8 2 10 10 10 10 2 2 10
left_child=2 -2 5 4 6 -1 -4 -8 -5 -7
right_child=1 -3 3 8 -6 9 7 -9 -10 -11
leaf_value=-0.087849827931383087 0.157135916192369 -0.00087238895509568612 -0 -0.048918505973428388 -0 0.0098149118247192278 -0 0.14524429414558626 0 -0
leaf_weight=3.2609893009066577 1.1277009993791585 0.526210516691208 0.15706802904605943 1.2161881476640699 0.55551236867904652 0.1960255205631255 0.15066264569759358 1.2725468277931211 0.39215920865535731 0.39599905908107758
leaf_count=24 5 3 1 9 4 1 1 6 2 3
internal_value=0 0.856523 -0.252983 0.0778371 0.558959 -0.712578 1.06055 1.26183 -0.205496 0
internal_weight=0 1.65391 7.59715 3.74414 2.13579 3.85301 1.58028 1.42321 1.60835 0.592025
internal_count=59 8 51 23 12 28 8 7 11 4
shrinkage=0.0975091


end of trees

feature importances:
Choice_reaction_time_Ex5=21
BMIX4=20
Simple_reaction_time_Ex5=11
new_BM_frequency=10
ECGage=10
CASIX4=6
Olfaction_complete_Ex5_Ex4=5
Sleepy_complete=4
new_smoke=3
Coffee_oz_Ex1=3

parameters:
[boosting: gbdt]
[objective: binary]
[metric: auc]
[tree_learner: serial]
[device_type: cpu]
[data: ]
[valid: ]
[num_iterations: 100]
[learning_rate: 0.0975091]
[num_leaves: 21]
[num_threads: 4]
[max_depth: 25]
[min_data_in_leaf: 1]
[min_sum_hessian_in_leaf: 0.001]
[bagging_fraction: 0.338711]
[pos_bagging_fraction: 1]
[neg_bagging_fraction: 1]
[bagging_freq: 3]
[bagging_seed: 3]
[feature_fraction: 0.762063]
[feature_fraction_bynode: 1]
[feature_fraction_seed: 2]
[early_stopping_round: 0]
[first_metric_only: 0]
[max_delta_step: 0]
[lambda_l1: 0.674952]
[lambda_l2: 0.373958]
[min_gain_to_split: 0]
[drop_rate: 0.1]
[max_drop: 50]
[skip_drop: 0.5]
[xgboost_dart_mode: 0]
[uniform_drop: 0]
[drop_seed: 4]
[top_rate: 0.2]
[other_rate: 0.1]
[min_data_per_group: 100]
[max_cat_threshold: 32]
[cat_l2: 10]
[cat_smooth: 10]
[max_cat_to_onehot: 4]
[top_k: 20]
[monotone_constraints: ]
[feature_contri: ]
[forcedsplits_filename: ]
[forcedbins_filename: ]
[refit_decay_rate: 0.9]
[cegb_tradeoff: 1]
[cegb_penalty_split: 0]
[cegb_penalty_feature_lazy: ]
[cegb_penalty_feature_coupled: ]
[verbosity: 1]
[max_bin: 181]
[max_bin_by_feature: ]
[min_data_in_bin: 3]
[bin_construct_sample_cnt: 200000]
[histogram_pool_size: -1]
[data_random_seed: 1]
[output_model: LightGBM_model.txt]
[snapshot_freq: -1]
[input_model: ]
[output_result: LightGBM_predict_result.txt]
[initscore_filename: ]
[valid_data_initscores: ]
[pre_partition: 0]
[enable_bundle: 1]
[max_conflict_rate: 0]
[is_enable_sparse: 1]
[sparse_threshold: 0.8]
[use_missing: 1]
[zero_as_missing: 0]
[two_round: 0]
[save_binary: 0]
[header: 0]
[label_column: ]
[weight_column: ]
[group_column: ]
[ignore_column: ]
[categorical_feature: ]
[predict_raw_score: 0]
[predict_leaf_index: 0]
[predict_contrib: 0]
[num_iteration_predict: -1]
[pred_early_stop: 0]
[pred_early_stop_freq: 10]
[pred_early_stop_margin: 10]
[convert_model_language: ]
[convert_model: gbdt_prediction.cpp]
[num_class: 1]
[is_unbalance: 0]
[scale_pos_weight: 1]
[sigmoid: 1]
[boost_from_average: 1]
[reg_sqrt: 0]
[alpha: 0.9]
[fair_c: 1]
[poisson_max_delta_step: 0.7]
[tweedie_variance_power: 1.5]
[max_position: 20]
[lambdamart_norm: 1]
[label_gain: ]
[metric_freq: 1]
[is_provide_training_metric: 0]
[eval_at: ]
[multi_error_top_k: 1]
[num_machines: 1]
[local_listen_port: 12400]
[time_out: 120]
[machine_list_filename: ]
[machines: ]
[gpu_platform_id: -1]
[gpu_device_id: -1]
[gpu_use_dp: 0]

end of parameters

pandas_categorical:[]
