tree
version=v3
num_class=1
num_tree_per_iteration=1
label_index=0
max_feature_idx=11
objective=binary sigmoid:1
feature_names=Sleepy_complete Simple_reaction_time_Ex5 new_BM_frequency Choice_reaction_time_Ex5 CASIX4 Olfaction_complete_Ex5_Ex4 ECGage new_smoke TBI_LOC BMIX4 HYPBP1 Coffee_oz_Ex1
feature_infos=[0:1] [1:1347] [0:4] [1:1812] [2.5:98] [0:12] [72:90] [0:2] [0:1] [14.6411231134028:33.738952304877699] [0:1] [0:64]
tree_sizes=795 876 753 1323 940 989 1017 1033 1019 1234 1228 1033 951 1030 957 1150 1075 1195 935 943 819 1135 1046 1123 845 844 769 1206 1198 1046 1359 1361 1360 1184 1374 1225 1109 1109 1086 1010 842 1011 939 1039 947 944 830 895 960 1056 782 1001 837 743 1001 1268 941 924 1113 845 1199 1110 1116 1276 1103 1278 1267 834

Tree=0
num_leaves=7
num_cat=0
split_feature=5 9 8 9 3 3
split_gain=19.2611 4.61495 4.03451 5.114 0.951212 0.0174477
threshold=4.5000000000000009 21.168784491057554 inf 29.454764128804651 785.00000000000011 843.50000000000011
decision_type=2 10 8 10 10 10
left_child=1 -1 3 -3 -2 -6
right_child=4 2 -4 -5 5 -7
leaf_value=-1.2245187037659415 -1.3316470420100237 -0.93477498903322132 -1.2237754316221157 -1.2237754316221157 -1.2064275342407114 -1.2245187037659415
leaf_weight=0.52685952186584506 5.795454740524292 2.6342976093292245 0.35123968124389637 0.35123968124389637 0.17561984062194813 0.52685952186584473
leaf_count=3 33 15 2 2 1 3
internal_value=0 1.72859 2.15776 2.51866 -0.979954 0
internal_weight=0 3.86364 3.33678 2.98554 6.49793 0.702479
internal_count=59 22 19 17 37 4
shrinkage=1


Tree=1
num_leaves=8
num_cat=0
split_feature=0 3 8 9 11 6 3
split_gain=7.55196 2.59633 1.73388 1.72371 2.60183 1.95249 1.33286
threshold=1.0000000180025095e-35 578.00000000000011 inf 21.983255879032502 22.000000000000004 75.500000000000014 376.00000000000006
decision_type=8 8 8 10 2 2 10
left_child=1 6 -2 -3 5 -5 -1
right_child=2 3 -4 4 -6 -7 -8
leaf_value=0.0072895470561681859 0.22300011199106515 -0.044212383542307901 -0 0 -0.01669547550629397 0.20506116461005294 -0.088244946667843854
leaf_weight=0.20245723426341733 1.2147434055805211 1.0224056392908107 0.17561984062194835 0.7205392420291904 0.67137959599494923 1.0122861713171003 5.4038359522819519
leaf_count=1 6 6 1 4 4 5 32
internal_value=0 -0.322205 1.93051 0.21179 0.760578 1.40828 -0.754285
internal_weight=0 9.0329 1.39036 3.42661 2.40421 1.73283 5.60629
internal_count=59 52 7 19 13 9 33
shrinkage=0.0975091


Tree=2
num_leaves=7
num_cat=0
split_feature=5 9 9 11 1 1
split_gain=13.0069 2.86092 2.40398 1.47251 0.891277 0.016274
threshold=4.5000000000000009 29.101763481618605 21.168784491057554 30.000000000000004 648.50000000000011 697.00000000000011
decision_type=2 8 10 2 10 10
left_child=1 2 -1 -4 -2 -6
right_child=4 -3 3 -5 5 -7
leaf_value=-0 -0.10166477642896687 -0 0.19162823245072674 -0 0.016754183387279357 -0
leaf_weight=0.33414050936698947 5.2273512184619904 0.50558902323245991 3.3925026953220372 0.17401929199695576 0.17728012800216664 0.50625810027122498
leaf_count=2 33 3 16 1 1 3
internal_value=0 1.27814 1.57992 1.82151 -0.909402 0
internal_weight=0 4.40625 3.90066 3.56652 5.91089 0.683538
internal_count=59 22 19 17 37 4
shrinkage=0.0975091


Tree=3
num_leaves=13
num_cat=0
split_feature=1 9 1 6 6 5 3 1 9 6 5 3
split_gain=3.04231 2.25121 2.08561 1.55245 1.284 1.26949 1.57212 0.997737 0.692005 0.631925 0.826922 0.0408054
threshold=332.50000000000006 26.338366986907303 290.50000000000006 77.500000000000014 73.500000000000014 10.500000000000002 512.00000000000011 407.50000000000006 29.454764128804651 82.500000000000014 2.5000000000000004 562.50000000000011
decision_type=10 10 8 2 2 2 10 10 10 2 2 10
left_child=2 4 -1 5 11 6 -4 -3 -9 -5 -11 -2
right_child=1 7 3 9 -6 -7 -8 8 -10 10 -12 -13
leaf_value=-0.02654654427278471 0.02728711953263431 -0.0042531910537232757 0.2406854962843894 -0.026155324920809537 -0.10185712041348412 -0 -0 0.12922190754985541 -0 -0 0.11038260943230561 -0
leaf_weight=0.79386799037456546 0.14710813760757435 0.58843255043029763 0.8864782601594926 0.7862773537635801 4.4019770920276642 0.15127940475940693 0.14710813760757446 0.64455811679363251 0.16591323912143707 0.23274272680282596 0.69931018352508556 0.29421627521514893
leaf_count=5 1 4 5 5 27 1 1 3 1 1 3 2
internal_value=0 -0.51825 0.562113 1.00125 -0.867619 1.76168 2.08303 0.238493 0.962273 0 0.648028 0
internal_weight=0 6.24221 3.69706 2.9032 4.8433 1.18487 1.03359 1.3989 0.810471 1.71833 0.932053 0.441324
internal_count=59 38 21 16 30 7 6 8 4 9 4 3
shrinkage=0.0975091


Tree=4
num_leaves=9
num_cat=0
split_feature=0 9 8 4 4 9 2 6
split_gain=3.92382 2.29254 3.30359 1.30914 1.17732 1.12163 0.709103 0.997805
threshold=1.0000000180025095e-35 21.272876459660853 1.0000000180025095e-35 87.600000000000009 89.65000000000002 23.640349283640351 2.5000000000000004 88.500000000000014
decision_type=10 10 10 2 2 10 8 2
left_child=1 4 -3 -4 6 -2 7 -1
right_child=5 2 3 -5 -6 -7 -8 -9
leaf_value=0.19266100118709961 -0 -0.092557456327897122 0.12578996631809516 -0 -0 0.15525548478656759 -0 -0
leaf_weight=0.48996622860431471 0.19125871360302049 6.1724013984203339 0.64795161783695199 0.45346400141715998 0.41984005272388458 1.1554868370294569 0.13759709894657135 0.13759709894657135
leaf_count=3 1 39 3 3 3 5 1 1
internal_value=0 -0.365842 -0.624882 0.515134 0.559738 1.26551 1.20926 1.53989
internal_weight=0 8.45882 7.27382 1.10142 1.185 1.34675 0.76516 0.627563
internal_count=59 53 45 6 8 6 5 4
shrinkage=0.0975091


Tree=5
num_leaves=9
num_cat=0
split_feature=0 3 5 9 9 3 3 4
split_gain=3.21443 3.70382 1.80925 2.09339 0.97607 0.281003 0.143215 0.00949906
threshold=1.0000000180025095e-35 505.50000000000006 6.5000000000000009 24.984494731561252 23.640349283640351 492.50000000000006 502.50000000000006 88.700000000000017
decision_type=10 10 2 10 10 10 10 2
left_child=1 2 3 -1 -2 -4 -5 -7
right_child=4 -3 5 6 -6 7 -8 -9
leaf_value=0.15435771836902715 -0 -0.096618986301039905 -0.049830531173416057 -0.032258897956441802 0.14033548193603473 0.012672165138718621 0.014988729277917813 -0
leaf_weight=1.208458319306372 0.19125871360302049 4.1570968925952911 1.2537062913179395 0.8144996017217635 1.1913992911577223 0.18847389519214616 0.18217214941978452 0.40436205267906183
leaf_count=6 1 28 9 5 5 1 1 3
internal_value=0 -0.332996 0.216179 0.851963 1.13584 -0.254721 -0 0
internal_weight=0 8.20877 4.05167 2.20513 1.38266 1.84654 0.996672 0.592836
internal_count=59 53 25 12 6 13 6 4
shrinkage=0.0975091


Tree=6
num_leaves=10
num_cat=0
split_feature=5 2 4 3 4 5 6 11 6
split_gain=5.66886 5.03111 0.975663 0.917777 0.905568 0.757347 0.24511 0.399967 0.0304623
threshold=3.5000000000000004 1.0000000180025095e-35 75.250000000000014 1146.5000000000002 87.600000000000009 4.5000000000000009 74.500000000000014 22.000000000000004 81.500000000000014
decision_type=2 10 2 10 2 2 2 2 2
left_child=3 4 8 6 -2 -4 -1 -8 -3
right_child=1 2 5 -5 -6 -7 7 -9 -10
leaf_value=0 -0 0.023320748100104625 0 -0 0.18742254597366367 -0.097637150607545672 0.18498351222801085 0 -0
leaf_weight=0.44291940331459118 0.12963862717151631 0.15860192477703083 0.60904066264629353 0.17074649035930622 0.49638113379478455 5.1966564431786537 1.321179002523422 0.43958240747451766 0.32300738990306854
leaf_count=2 1 1 3 1 3 38 6 2 2
internal_value=0 -0.393958 -0.760464 1.28495 1.51985 -0.883888 1.45483 1.63416 0
internal_weight=0 6.91333 6.28731 2.37443 0.62602 5.8057 2.20368 1.76076 0.481609
internal_count=59 48 44 11 4 41 10 8 3
shrinkage=0.0975091


Tree=7
num_leaves=10
num_cat=0
split_feature=5 2 1 1 1 5 1 6 1
split_gain=4.71111 4.35983 0.809915 0.770695 0.68886 0.700054 0.154314 0.214289 0.0285865
threshold=3.5000000000000004 1.0000000180025095e-35 743.50000000000011 593.50000000000011 648.50000000000011 4.5000000000000009 486.00000000000006 77.500000000000014 697.00000000000011
decision_type=2 10 10 10 10 2 8 2 10
left_child=2 3 6 -2 5 -3 7 -1 -6
right_child=1 4 -4 -5 8 -7 -8 -9 -10
leaf_value=-0 0.16703385649308566 0 -0 -0 0.022544001923574131 -0.093820295147400271 0.16054383306193484 0.048742767486241012 -0
leaf_weight=0.38388192653656078 0.54560096561908711 0.60904066264629353 0.17074649035930622 0.12963862717151642 0.16084022819995869 4.7026821970939636 1.396106496453285 0.48361442983150482 0.4843626469373703
leaf_count=2 3 3 1 1 1 37 6 2 3
internal_value=0 -0.354148 1.16844 1.35546 -0.723169 -0.838736 1.32692 0 0
internal_weight=0 6.63217 2.43435 0.67524 5.95693 5.31172 2.2636 0.867496 0.645203
internal_count=59 48 11 4 44 40 10 4 4
shrinkage=0.0975091


Tree=8
num_leaves=10
num_cat=0
split_feature=5 2 4 9 3 5 4 6 6
split_gain=3.91189 3.79068 0.861126 0.840907 0.877641 0.675204 0.664883 0.338345 0.0268149
threshold=3.5000000000000004 1.0000000180025095e-35 75.250000000000014 20.886742640709056 1146.5000000000002 4.5000000000000009 87.600000000000009 74.500000000000014 81.500000000000014
decision_type=2 10 2 8 10 2 2 2 2
left_child=3 6 8 -1 7 -4 -2 -5 -3
right_child=1 2 5 4 -6 -7 -8 -9 -10
leaf_value=-0 -0 0.021790154618202728 0 0 -0 -0.09203721536750166 0.15016513370158971 0.15699400206041431 -0
leaf_weight=0.19039535522460968 0.12963862717151631 0.16300688683986653 0.60904066264629353 0.44322098791599351 0.17074649035930622 4.5629363059997559 0.58742935955524445 1.6654902100563047 0.32300738990306854
leaf_count=1 1 1 3 2 1 38 3 7 2
internal_value=0 -0.318938 -0.688823 1.06571 1.23861 -0.819347 1.21672 1.4118 0
internal_weight=0 6.37506 5.65799 2.46985 2.27946 5.17198 0.717068 2.10871 0.486014
internal_count=59 48 44 11 10 41 4 9 3
shrinkage=0.0975091


Tree=9
num_leaves=12
num_cat=0
split_feature=9 6 9 4 2 1 4 1 6 1 1
split_gain=4.67436 4.42215 4.23674 2.08862 2.48833 0.560992 1.1158 0.293845 0.131723 0.0824196 0.070187
threshold=23.273396940761852 79.500000000000014 27.667418381959056 95.750000000000014 2.5000000000000004 494.00000000000006 94.65000000000002 539.00000000000011 83.500000000000014 577.50000000000011 334.50000000000006
decision_type=10 2 10 2 10 8 2 8 2 10 10
left_child=5 2 3 4 -2 6 -1 -3 -9 -7 -8
right_child=1 7 -4 -5 -6 9 10 8 -10 -11 -12
leaf_value=-0.080706174687079871 0.26047320272562346 -0.045737521477403113 -7.2640627577411895e-05 0 0 0.030092849995605544 0.040402628063050249 -0 0.038726082310936882 -0 -0
leaf_weight=2.3201095163822183 2.5343675762414941 0.93908470869064287 0.55296344310045231 0.52904869616031636 0.58624690771102894 0.49139727652072895 0.10924959927797306 0.23367931693792357 0.49256624281406403 0.24362988770008087 0.10088443756103516
leaf_count=17 15 6 4 3 4 2 1 2 2 2 1
internal_value=0 1.0974 1.61517 2.00506 2.28617 -0.223353 -0.505646 -0 0.067107 0 0.147871
internal_weight=0 5.86796 4.20263 3.64966 3.12061 3.26527 2.53024 1.66533 0.726246 0.735027 0.210134
internal_count=59 36 26 22 19 23 19 10 4 4 2
shrinkage=0.0975091


Tree=10
num_leaves=12
num_cat=0
split_feature=9 6 9 5 2 1 5 1 6 6 1
split_gain=3.54048 3.34902 3.38146 1.28307 1.35912 0.476588 0.801592 0.257262 0.119193 0.078742 0.0736328
threshold=23.273396940761852 79.500000000000014 27.667418381959056 11.500000000000002 2.5000000000000004 494.00000000000006 10.500000000000002 539.00000000000011 83.500000000000014 75.500000000000014 577.50000000000011
decision_type=10 2 10 2 10 8 2 8 2 2 10
left_child=5 2 3 4 -2 6 -1 -3 -9 -8 -7
right_child=1 7 -4 -5 -6 10 9 8 -10 -11 -12
leaf_value=-0.074699035899817648 0.20166535535524163 -0.043283084196319821 -6.8417975510409639e-05 -0 0 0.028458979611906753 0.039226981894267827 -0 0.036571592314436525 -0 -0
leaf_weight=2.007813662290574 3.186117187142373 0.91787295043468453 0.55293761193752278 0.16829138994216908 0.58624690771102894 0.4904586374759673 0.11259198188781729 0.23367931693792357 0.49274317920207977 0.29848075658082962 0.24362988770008087
leaf_count=15 17 6 4 1 4 2 1 2 2 3 2
internal_value=0 0.948219 1.37509 1.7079 1.82887 -0.184149 -0.462029 -0 0.049757 0 0
internal_weight=0 6.13789 4.49359 3.94066 3.77236 3.15297 2.41889 1.6443 0.726422 0.411073 0.734089
internal_count=59 36 26 22 21 23 19 10 4 4 4
shrinkage=0.0975091


Tree=11
num_leaves=10
num_cat=0
split_feature=1 1 1 3 3 3 9 5 5
split_gain=2.888 1.85693 3.37385 3.2482 2.71558 1.30573 1.44068 0.662667 0.19681
threshold=539.00000000000011 389.00000000000006 301.50000000000006 497.00000000000006 460.50000000000006 646.50000000000011 29.454764128804651 1.5000000000000002 5.5000000000000009
decision_type=8 10 10 10 10 8 10 2 2
left_child=1 2 -1 4 -4 -2 -7 -3 -5
right_child=5 7 3 8 -6 6 -8 -9 -10
leaf_value=-0.050639256129834422 -0 0 0 0.032258820859872826 0.28464654320506322 0.1558980495588379 -0 -0.080387297466642568 -0.027910379134299591
leaf_weight=1.234629683196544 0.27412413060665253 0.23517297208309207 0.57762598991394076 0.49904675781726815 0.76922741532325745 2.5835556015372281 0.25246085226535786 2.1002720072865486 0.86199984699487675
leaf_count=9 2 1 4 2 5 12 2 15 7
internal_value=0 0 0.440609 1.1072 2.02066 1.1754 1.3807 -0.61325 -0
internal_weight=0 6.27797 3.94253 2.7079 1.34685 3.11014 2.83602 2.33544 1.36105
internal_count=59 43 27 18 9 16 14 16 9
shrinkage=0.0975091


Tree=12
num_leaves=9
num_cat=0
split_feature=1 1 3 4 3 6 1 4
split_gain=2.86712 3.69471 1.69586 0.944606 0.673786 0.594711 0.37016 0.153742
threshold=332.50000000000006 553.00000000000011 453.50000000000006 84.350000000000009 660.50000000000011 75.500000000000014 351.50000000000006 85.100000000000009
decision_type=10 10 10 2 10 2 10 2
left_child=2 6 7 -4 -3 -6 -2 -1
right_child=1 4 3 -5 5 -7 -8 -9
leaf_value=0.031334884180172724 -0 -0 -0 0.18450428775726888 -0 0.11343001215756898 -0.090999005541198871 -0.01399641126522118
leaf_weight=0.89948815107345603 0.80248284339904763 0.25314533710479725 0.12995269894599903 1.0655774921178816 0.15806178748607624 1.3494236022233961 3.5178978964686394 0.70527846366167068
leaf_count=4 5 2 1 6 1 6 28 6
internal_value=0 -0.245255 0.88986 1.63769 0.705882 0.960955 -0.801994 0
internal_weight=0 6.08101 2.8003 1.19553 1.76063 1.50749 4.32038 1.60477
internal_count=59 42 17 7 9 7 33 10
shrinkage=0.0975091


Tree=13
num_leaves=10
num_cat=0
split_feature=1 1 9 9 3 5 6 3 1
split_gain=2.38718 3.17875 1.34989 1.20883 1.11492 0.831278 0.702879 0.0161773 0.00871646
threshold=332.50000000000006 553.00000000000011 21.983255879032502 21.435013928550802 449.00000000000006 10.500000000000002 75.500000000000014 501.50000000000006 303.50000000000006
decision_type=10 10 10 8 8 2 2 10 10
left_child=2 5 8 -3 -4 -2 -5 -7 -1
right_child=1 3 4 6 -6 7 -8 -9 -10
leaf_value=-0.0090303668903201663 -0.093009046238627394 -0 0 -0 0.15767119379644673 0.016702091993617441 0.12909744862237457 -0 0
leaf_weight=0.64233733713626895 3.4609451293945313 0.43152758479118319 0.60745841264724698 0.15806178748607649 1.3681427389383316 0.17742544412612904 1.1989403665065763 0.47658278793096542 0.24916829168796537
leaf_count=5 28 3 4 1 7 1 5 4 1
internal_value=0 -0.227335 0.803059 0.625233 1.21001 -0.769472 1.08937 0 -0
internal_weight=0 5.90348 2.86711 1.78853 1.9756 4.11495 1.357 0.654008 0.891506
internal_count=59 42 17 9 11 33 6 5 6
shrinkage=0.0975091


Tree=14
num_leaves=9
num_cat=0
split_feature=1 1 11 9 1 5 1 9
split_gain=1.98613 2.69713 1.68849 1.13829 0.787184 0.774305 0.0077079 0.00597704
threshold=332.50000000000006 553.00000000000011 22.000000000000004 21.983255879032502 277.50000000000006 10.500000000000002 303.50000000000006 25.527352141242101
decision_type=10 10 2 10 8 2 10 10
left_child=3 5 -3 6 -5 -2 -1 -6
right_child=1 2 -4 4 7 -7 -8 -9
leaf_value=-0.0085082499713963877 -0.089744407728822209 0.11861395124706187 -0.005609704641000645 -0 0.14377234233190112 0 0 0
leaf_weight=0.63842825591564212 3.260851234197617 1.2100490778684614 0.58958937227725972 0.19215385615825689 1.3156039267778394 0.65560319274663925 0.24916829168796537 0.50896055996417988
leaf_count=5 28 5 4 2 6 5 1 3
internal_value=0 -0.209046 0.550454 0.728886 1.09757 -0.732917 -0 1.29151
internal_weight=0 5.71609 1.79964 2.90431 2.01672 3.91645 0.887597 1.82456
internal_count=59 42 9 17 11 33 6 9
shrinkage=0.0975091


Tree=15
num_leaves=11
num_cat=0
split_feature=11 5 3 5 3 3 11 6 3 3
split_gain=1.10012 2.64104 1.04127 1.18455 0.63506 1.69839 1.68975 1.00808 0.0711673 0.323636
threshold=10.000000000000002 3.5000000000000004 951.50000000000011 5.5000000000000009 469.50000000000006 501.50000000000006 6.0000000000000009 81.500000000000014 639.50000000000011 744.50000000000011
decision_type=2 2 8 2 10 10 2 2 10 10
left_child=2 -2 3 -1 -5 6 7 -6 -7 -10
right_child=1 -3 -4 4 5 8 -8 -9 9 -11
leaf_value=-0.071307815740308339 0.083254551172601582 -0.093611869664630407 0.099635642320483983 -0 0.21870813668009609 -0.023351543932845314 -0 -0 0.060517395901565241 -0
leaf_weight=1.1578656360507009 0.39405311644077329 2.7212933376431465 0.93797241151332833 0.53041817247867618 0.6987544894218447 0.81059994548559167 0.26765117049217224 0.11085288226604462 0.47464019060134888 0.35153554379940039
leaf_count=7 2 22 4 5 4 7 3 1 2 2
internal_value=0 -0.470252 0.239769 0 0.317756 0.569181 1.3637 1.92559 -0 0.051893
internal_weight=0 3.11535 5.34029 4.40232 3.24445 2.71403 1.07726 0.809607 1.63678 0.826176
internal_count=59 24 35 31 24 19 8 5 11 4
shrinkage=0.0975091


Tree=16
num_leaves=10
num_cat=0
split_feature=3 3 4 4 1 11 9 4 11
split_gain=0.905942 2.63687 1.6265 1.49936 1.01488 0.868776 0.671363 0.518048 4.90641e-05
threshold=501.50000000000006 469.50000000000006 42.45000000000001 89.200000000000017 581.50000000000011 56.000000000000007 21.983255879032502 85.450000000000017 1.0000000180025095e-35
decision_type=10 8 2 2 10 2 10 2 2
left_child=1 -1 -3 5 -2 -4 -6 -8 -5
right_child=4 2 3 8 6 -7 7 -9 -10
leaf_value=-0.0478519586780288 -0.073732962835680038 -0 0.18237858819725314 0.00085867752070868241 -0.042780902051871697 -0 0.091882054024588461 -0 -0.00018684733892874672
leaf_weight=1.2800606712698939 2.2726067081093788 0.23713901638984716 1.5243137851357462 0.21754220128059376 0.72081124037504241 0.11906628310680378 0.7282644361257552 0.75940254330635071 0.49605480581521993
leaf_count=12 21 1 8 1 4 1 3 4 4
internal_value=0 0.309739 0.944202 1.25081 -0.320395 1.6915 0 0.497428 0
internal_weight=0 3.87418 2.59412 2.35698 4.48108 1.64338 2.20848 1.48767 0.713597
internal_count=59 27 15 14 32 9 11 7 5
shrinkage=0.0975091


Tree=17
num_leaves=12
num_cat=0
split_feature=11 5 6 9 9 0 0 1 6 1 5
split_gain=0.805665 2.14412 1.19735 1.14177 1.1582 0.738728 0.639775 0.868375 0.538038 0.478748 0.393331
threshold=6.0000000000000009 3.5000000000000004 80.500000000000014 26.929330318634104 20.311745579689802 1.0000000180025095e-35 1.0000000180025095e-35 340.00000000000006 76.500000000000014 290.50000000000006 5.5000000000000009
decision_type=2 2 2 10 10 10 10 8 2 10 2
left_child=2 6 3 4 -1 -3 7 -2 -9 -6 -11
right_child=1 5 -4 -5 9 -7 -8 8 -10 10 -12
leaf_value=-0 -0 -0.092143703206020278 -0.017452134580912049 -0 -0 0 -0 -0 0.12301311834355999 -0 0.1534952950608672
leaf_weight=0.26196414232254106 0.23774160444736447 2.9894524924457078 0.75225250422954559 0.35153554379940022 0.092205308377742642 0.49261239916086186 0.24905797839164723 0.13162146508693706 1.0921341031789777 0.069805435836315044 1.535352289676666
leaf_count=2 1 27 7 2 1 3 1 1 5 1 8
internal_value=0 -0.270641 0.34026 0.762069 1.07591 -0.766369 0.371138 0.710633 1.06003 1.36497 1.48049
internal_weight=0 5.19262 3.06312 2.31086 1.95933 3.48206 1.71056 1.4615 1.22376 1.69736 1.60516
internal_count=59 38 21 14 12 30 8 7 6 10 9
shrinkage=0.0975091


Tree=18
num_leaves=9
num_cat=0
split_feature=6 5 3 4 6 6 3 5
split_gain=0.964758 1.50821 0.831552 0.61843 0.300774 0.828919 0.430211 0.260063
threshold=73.500000000000014 3.5000000000000004 951.50000000000011 90.200000000000017 78.500000000000014 86.500000000000014 437.50000000000006 7.5000000000000009
decision_type=2 2 10 2 2 2 10 2
left_child=3 4 -3 7 6 -6 -2 -1
right_child=1 2 -4 -5 5 -7 -8 -9
leaf_value=0.10620098886621838 0 -0.099436379330528041 0 -0 0.08607829428777207 -0 -0.061120792173121011 -0
leaf_weight=0.37764610350131977 0.24730013310909291 3.9660732261836529 0.43553091585636128 0.5105784684419632 0.95047189295291867 0.40054024755954737 0.96935720741748799 0.083764858543872833
leaf_count=2 1 37 2 5 4 2 5 1
internal_value=0 -0.54405 -0.87804 0.0985709 0 0.34321 -0.247689 0.869461
internal_weight=0 6.96927 4.4016 0.971989 2.56767 1.35101 1.21666 0.461411
internal_count=59 51 39 8 12 6 6 3
shrinkage=0.0975091


Tree=19
num_leaves=9
num_cat=0
split_feature=1 4 11 4 5 9 4 3
split_gain=1.26355 1.83521 0.908435 0.93424 0.783621 0.389264 0.108504 0.231794
threshold=511.50000000000006 74.90000000000002 22.000000000000004 90.450000000000017 3.5000000000000004 21.168784491057554 83.90000000000002 599.50000000000011
decision_type=10 2 2 2 2 10 2 10
left_child=4 -2 3 5 6 -3 7 -1
right_child=1 2 -4 -5 -6 -7 -8 -9
leaf_value=0.047033333968908554 -0.065057159514352453 -0 -0 -0 -0.090798770607342663 0.14616361545600726 -0.028165013864623372 -0
leaf_weight=0.69172190129756905 1.0895547494292261 0.074907392263412351 0.30216267332434643 0.19364859163761128 3.1641239412128925 1.146197974681854 0.7330286055803299 0.29642648994922638
leaf_count=3 6 1 3 1 34 5 4 2
internal_value=0 0 0.752425 1.0815 -0.659037 1.37745 -0 0.108877
internal_weight=0 2.80647 1.71692 1.41475 4.8853 1.22111 1.72118 0.988148
internal_count=59 16 10 7 43 6 9 5
shrinkage=0.0975091


Tree=20
num_leaves=8
num_cat=0
split_feature=1 4 11 4 3 0 9
split_gain=1.09572 1.50525 0.788365 0.82253 0.723912 0.531572 0.342535
threshold=511.50000000000006 74.90000000000002 22.000000000000004 90.450000000000017 376.00000000000006 inf 21.168784491057554
decision_type=10 2 2 2 8 8 10
left_child=4 -2 3 6 -1 -6 -3
right_child=1 2 -4 -5 5 -7 -8
leaf_value=0 -0.061531154044728503 -0 -0 -0 -0.082182726699915457 0 0.13343642448093476
leaf_weight=0.24595998227596272 1.0624798312783243 0.074907392263412351 0.30216267332434643 0.19364859163761128 4.2440283223986626 0.19069078564643849 1.1675376445055006
leaf_count=1 6 1 3 1 41 1 5
internal_value=0 0 0.664711 0.975268 -0.63293 -0.756065 1.25458
internal_weight=0 2.80074 1.73826 1.43609 4.68068 4.43472 1.24245
internal_count=59 16 10 7 43 42 6
shrinkage=0.0975091


Tree=21
num_leaves=11
num_cat=0
split_feature=3 3 9 1 5 1 9 9 3 1
split_gain=2.5326 3.59113 2.26448 1.29205 0.899281 0.674832 0.944462 0.522657 0.478661 0.00112734
threshold=485.50000000000006 474.50000000000006 26.929330318634104 581.50000000000011 10.500000000000002 607.50000000000011 29.838445590345803 24.773968099595354 807.50000000000011 697.00000000000011
decision_type=8 10 10 8 2 10 10 10 8 10
left_child=1 -1 3 -2 -3 6 -4 8 9 -5
right_child=2 4 5 7 -6 -7 -8 -9 -10 -11
leaf_value=-0 -0.085486851042145637 0.23244079963006456 0.14344140279711123 0 -0 -0 -0 -0.053265080762326229 0.072499715356701938 -0.003669794937907291
leaf_weight=0.58734884858131386 2.9118011780083179 0.87251722067594528 0.87479194998741117 0.32599790394306194 0.088511377573013292 0.19364859163761128 0.20329873636364937 0.48502951860427845 0.97368140518665314 0.4219506978988648
leaf_count=8 28 5 4 2 1 1 2 2 4 2
internal_value=0 1.16132 -0.0876397 -0.473888 2.15222 0.811224 1.10027 0 0.356503 -0
internal_weight=0 1.54838 6.3902 5.11846 0.961029 1.27174 1.07809 2.20666 1.72163 0.747949
internal_count=59 14 45 38 6 7 6 10 8 4
shrinkage=0.0975091


Tree=22
num_leaves=10
num_cat=0
split_feature=3 3 9 11 3 9 2 7 11
split_gain=2.01186 2.99965 1.91833 1.1785 1.07466 0.878285 0.745364 0.244739 0.227238
threshold=485.50000000000006 474.50000000000006 26.929330318634104 6.0000000000000009 807.50000000000011 24.773968099595354 2.5000000000000004 1.0000000180025095e-35 1.0000000180025095e-35
decision_type=8 10 10 2 8 10 10 2 2
left_child=1 -1 4 -4 8 -6 -3 -5 -2
right_child=2 6 3 7 5 -7 -8 -9 -10
leaf_value=-0 -0 0.20483083183911852 -0 -0 0.068058043361554479 -0.050127191831714504 -0 0.13099960706190242 -0.086117376126105941
leaf_weight=0.58734884858131398 0.81066815927624736 0.94015724956989266 0.3415563255548475 0.05539100244641304 0.96112558245658852 0.48836711049079895 0.088511377573013292 0.89865776896476735 2.6869998462498188
leaf_count=8 5 5 2 1 4 2 1 4 27
internal_value=0 1.01589 -0.0787066 0.723397 -0.451689 0 1.8981 1.24311 -0.746981
internal_weight=0 1.61602 6.24277 1.29561 4.94716 1.44949 1.02867 0.954049 3.49767
internal_count=59 14 45 7 38 6 6 5 32
shrinkage=0.0975091


Tree=23
num_leaves=11
num_cat=0
split_feature=3 3 9 1 11 5 9 1 7 11
split_gain=1.60267 2.54934 1.62494 1.06163 1.04312 0.632559 0.412165 0.402027 0.217763 0.14592
threshold=485.50000000000006 474.50000000000006 26.929330318634104 581.50000000000011 6.0000000000000009 10.500000000000002 24.604345616010253 697.00000000000011 1.0000000180025095e-35 26.000000000000004
decision_type=8 10 10 8 2 2 8 10 2 2
left_child=1 -1 3 -2 -4 -3 7 9 -6 -5
right_child=2 5 4 6 8 -7 -8 -9 -10 -11
leaf_value=-0 -0.080000736672655684 0.18309364972790823 -0 0.073564106470882781 -0 -0 -0.047211788172624794 -0 0.1204081695292254 -0
leaf_weight=0.58734884858131398 2.6194024495780468 0.99076768755912781 0.3415563255548475 0.95668365061283123 0.05539100244641304 0.088511377573013292 0.49091899394989003 0.65153826773166645 0.91437831521034241 0.071799784898757935
leaf_count=8 28 5 2 4 1 1 2 3 4 1
internal_value=0 0.893705 -0.0702488 -0.429641 0.646145 1.69581 0 0.319304 1.14014 0.66029
internal_weight=0 1.66663 6.10167 4.79034 1.31133 1.07928 2.17094 1.68002 0.969769 1.02848
internal_count=59 14 45 38 7 6 10 8 5 5
shrinkage=0.0975091


Tree=24
num_leaves=8
num_cat=0
split_feature=5 4 1 4 2 2 1
split_gain=1.13898 1.11782 0.513707 0.60394 0.51245 0.221279 0.0136973
threshold=3.5000000000000004 94.65000000000002 364.50000000000006 70.200000000000017 3.5000000000000004 1.5000000000000002 357.50000000000006
decision_type=2 2 8 2 10 10 10
left_child=2 -2 5 -4 -5 -1 -3
right_child=1 6 3 4 -6 -7 -8
leaf_value=0 -0.088181560929995448 0.01531532144971218 -0 0.092163984070414984 -0 -0.051860562540681866 -0
leaf_weight=0.43314950168132799 3.506032526493073 0.18127258121967305 0.24851265549659721 1.2850304543972013 0.17878495156764973 0.93154114484786976 0.1996355913579464
leaf_count=2 39 1 1 6 1 5 4
internal_value=0 -0.694535 0 0.418675 0.726373 -0.291764 0
internal_weight=0 3.88694 3.07702 1.71233 1.46382 1.36469 0.380908
internal_count=59 44 15 8 7 7 5
shrinkage=0.0975091


Tree=25
num_leaves=8
num_cat=0
split_feature=5 4 1 4 4 3 1
split_gain=0.960106 1.05781 0.400208 0.5404 0.470162 0.202318 0.0128022
threshold=3.5000000000000004 94.65000000000002 364.50000000000006 70.200000000000017 92.200000000000017 376.00000000000006 357.50000000000006
decision_type=2 2 8 2 2 10 10
left_child=2 -2 5 -4 -5 -1 -3
right_child=1 6 3 4 -6 -7 -8
leaf_value=0 -0.085327416851304697 0.014787082578414197 -0 0.086566854597214832 -0 -0.049038724156478704 -0
leaf_weight=0.43314950168132799 3.2932976409792905 0.18272629380226124 0.24851265549659721 1.26015068590641 0.17878495156764973 0.91162645816802979 0.1996355913579464
leaf_count=2 39 1 1 6 1 5 4
internal_value=0 -0.657446 0 0.366818 0.67163 -0.267336 0
internal_weight=0 3.67566 3.03222 1.68745 1.43894 1.34478 0.382362
internal_count=59 44 15 8 7 7 5
shrinkage=0.0975091


Tree=26
num_leaves=7
num_cat=0
split_feature=5 4 4 1 4 1
split_gain=0.803776 0.999961 0.309485 0.667974 0.881806 0.0119626
threshold=3.5000000000000004 94.65000000000002 88.350000000000009 277.50000000000006 70.200000000000017 357.50000000000006
decision_type=2 2 2 8 2 10
left_child=2 -2 3 -1 -5 -3
right_child=1 5 -4 4 -6 -7
leaf_value=-0 -0.082535942699321796 0.014276088385521876 -0.035918749680034397 -0 0.093604399765095658 -0
leaf_weight=0.51737765967845994 3.0953836962580685 0.18412594497203816 0.74106538295745839 0.24851265549659721 1.4794772416353223 0.1996355913579464
leaf_count=3 39 1 4 1 7 4
internal_value=0 -0.620956 0 0.245748 0.626933 0
internal_weight=0 3.47915 2.98643 2.24537 1.72799 0.383762
internal_count=59 44 15 11 8 5
shrinkage=0.0975091


Tree=27
num_leaves=12
num_cat=0
split_feature=9 3 1 1 11 1 3 9 11 9 3
split_gain=1.40052 1.73273 1.38221 1.19014 0.564696 0.486554 0.418273 0.37003 0.146493 0.488079 0.431412
threshold=23.994554422761151 646.50000000000011 919.50000000000011 309.00000000000006 22.000000000000004 301.50000000000006 1553.5000000000002 21.272876459660853 10.000000000000002 27.110289780077057 477.50000000000006
decision_type=10 10 10 8 2 10 10 8 2 10 10
left_child=3 8 4 5 -3 -1 7 -5 -2 -10 -11
right_child=1 2 -4 6 -6 -7 -8 -9 9 10 -12
leaf_value=-0 -0.023055980165707615 0.17319070445306245 -0 0 -0 0.11478143001118295 0 -0.076384675550317527 -0 -0 0.092023870059093724
leaf_weight=0.16391333192586932 0.76716820523142892 1.4290365129709242 0.2126261144876479 0.57261824980378229 0.084272719919681438 0.35658244788646698 0.22251842916011799 1.9971475377678867 0.42336148768663379 0.17707513272762301 0.75126222521066655
leaf_count=3 7 7 1 6 1 2 1 19 6 2 4
internal_value=0 0.689953 1.33474 -0.0250231 1.64761 0.76665 -0.458884 -0.607109 0 0.218907 0.662029
internal_weight=0 3.8448 1.72594 3.31278 1.51331 0.520496 2.79228 2.56977 2.11887 1.3517 0.928337
internal_count=59 28 9 31 8 5 26 25 19 12 6
shrinkage=0.0975091


Tree=28
num_leaves=12
num_cat=0
split_feature=9 3 1 1 2 3 11 1 11 9 3
split_gain=1.10284 1.48957 1.22592 1.00041 0.609812 0.633073 0.500394 0.436988 0.110671 0.421103 0.385513
threshold=23.994554422761151 646.50000000000011 919.50000000000011 309.00000000000006 1.5000000000000002 1553.5000000000002 22.000000000000004 301.50000000000006 10.000000000000002 27.110289780077057 477.50000000000006
decision_type=10 10 10 8 8 10 2 10 2 10 10
left_child=3 8 6 7 -5 -6 -3 -1 -2 -10 -11
right_child=1 2 -4 4 5 -7 -8 -9 9 10 -12
leaf_value=-0 -0.021772556061093629 0.15930301780246908 -0 0 -0.083607508475502856 0 -0 0.10601400417065258 -0 -0 0.084631730416646456
leaf_weight=0.16391333192586932 0.7558057866990574 1.4343276992440221 0.2126261144876479 0.43786371871829066 2.0623931437730794 0.22251842916011799 0.084272719919681438 0.37820714712142944 0.42336148768663379 0.17707513272762301 0.76893968135118484
leaf_count=3 7 7 1 4 21 1 1 2 6 2 4
internal_value=0 0.617014 1.21351 -0 -0.420781 -0.659973 1.51189 0.702514 0 0.176558 0.600162
internal_weight=0 3.85641 1.73123 3.2649 2.72278 2.28491 1.5186 0.54212 2.12518 1.36938 0.946015
internal_count=59 28 9 31 26 22 8 5 19 12 6
shrinkage=0.0975091


Tree=29
num_leaves=10
num_cat=0
split_feature=4 3 4 9 5 4 11 3 5
split_gain=1.85469 1.85843 1.59384 0.505317 0.701939 0.455748 0.161883 0.0175797 0.00765412
threshold=76.700000000000017 477.50000000000006 88.700000000000017 29.101763481618605 7.5000000000000009 94.65000000000002 30.000000000000004 497.00000000000006 9.5000000000000018
decision_type=2 10 2 10 2 2 2 10 2
left_child=7 5 3 4 6 -2 -3 -1 -6
right_child=1 2 -4 -5 8 -7 -8 -9 -10
leaf_value=-0 -0.053309824675029059 0.15583513302440014 -0 0 -0 0.0060355738257264297 -0 -0.054376612122429759 0.011339385325092689
leaf_weight=0.22221642732620228 1.1799709945917127 2.2321264669299139 0.51174951530992974 0.57168566435575474 0.78350588120520093 0.20555408298969255 0.028046453371643909 1.1167541667819021 0.19202953577041623
leaf_count=2 10 12 12 3 8 1 1 9 1
internal_value=0 0.551043 0.887105 1.12448 1.26677 -0.0788505 1.57018 -0.510269 0
internal_weight=0 5.70467 4.31914 3.80739 3.23571 1.38553 2.26017 1.33897 0.975535
internal_count=59 48 37 25 22 11 13 11 9
shrinkage=0.0975091


Tree=30
num_leaves=14
num_cat=0
split_feature=1 4 11 9 4 2 4 9 9 2 1 1 1
split_gain=0.730374 1.18015 1.02933 1.03487 0.489425 0.439619 0.786392 0.309754 0.264499 0.143861 0.0447431 0.00823953 0.0114748
threshold=511.50000000000006 74.90000000000002 22.000000000000004 29.838445590345803 90.450000000000017 1.5000000000000002 94.65000000000002 21.168784491057554 21.545602831901103 1.5000000000000002 919.50000000000011 303.50000000000006 345.50000000000006
decision_type=8 2 2 10 2 8 2 10 10 8 8 10 10
left_child=5 8 3 4 7 11 -7 -3 10 -10 -2 -1 -13
right_child=1 2 -4 -5 -6 6 -8 -9 9 -11 -12 12 -14
leaf_value=-0 -0 -0 -0 -0 0 -0.072368354731784629 0 0.16156554198908588 0 -0.059964245189496029 0.022192860483310314 0.014829300426937283 -0
leaf_weight=0.18718951940536527 0.21183851361274739 0.051380451768637037 0.32642133161425574 0.2126261144876479 0.44548857212066639 2.2382243257015948 0.39349640905857081 1.2873884253203867 0.095202535390853882 0.70585555955767632 0.4897954910993576 0.47841890156269073 0.041874393820762641
leaf_count=1 1 1 3 1 2 28 5 7 1 4 2 2 1
internal_value=0 0.351038 0.793357 1.07249 1.32025 -0.239407 -0.465907 1.5755 -0 -0.474449 0 0 0.095989
internal_weight=0 3.826 2.3233 1.99688 1.78426 3.3392 2.63172 1.33877 1.50269 0.801058 0.701634 0.707483 0.520293
internal_count=59 22 14 11 10 37 33 8 8 5 3 4 3
shrinkage=0.0975091


Tree=31
num_leaves=14
num_cat=0
split_feature=5 5 11 6 9 3 4 2 9 2 4 4 4
split_gain=0.949595 1.53103 1.01939 0.522268 0.590156 0.399163 0.54724 0.512184 0.301056 0.311659 0.324978 0.0892249 0.039108
threshold=4.5000000000000009 8.5000000000000018 14.000000000000002 83.500000000000014 25.900466167844154 1553.5000000000002 95.750000000000014 1.5000000000000002 18.743221685062654 3.5000000000000004 97.500000000000014 74.000000000000014 86.950000000000017
decision_type=2 2 2 2 10 8 2 10 10 8 2 2 2
left_child=5 2 3 4 8 6 7 -1 -2 10 -10 -7 -13
right_child=1 -3 -4 -5 -6 11 -8 -9 9 -11 -12 12 -14
leaf_value=0 -0 -0.018307906490829248 -0 -0 -0 0.029765664501343381 0 -0.082216617431232167 0.17364894537427347 -0 -0 -0.021783910686663591 0
leaf_weight=0.4328214079141629 0.051380451768637481 0.767466701567173 0.74620928242802609 0.11521140858530989 0.10710037499666204 0.58355636894702889 0.24491214752197252 2.0227944999933243 1.2860404904931777 0.049743011593818776 0.04852702096104633 0.4096243679523468 0.19601687788963321
leaf_count=2 1 11 12 3 1 3 1 12 8 1 1 2 1
internal_value=0 0.445674 0.888879 1.25775 1.39625 -0.23988 -0.457854 -0.64898 1.54628 1.62237 1.70033 0 -0
internal_weight=0 3.17168 2.40421 1.658 1.54279 3.88973 2.70053 2.45562 1.43569 1.38431 1.33457 1.1892 0.605641
internal_count=59 38 27 15 12 21 15 14 11 10 9 6 3
shrinkage=0.0975091


Tree=32
num_leaves=14
num_cat=0
split_feature=5 5 11 6 9 9 4 2 9 2 4 6 6
split_gain=0.702872 1.29514 0.830527 0.447331 0.507248 0.312829 0.452114 0.606122 0.258406 0.267509 0.278907 0.00105869 0.0330255
threshold=4.5000000000000009 8.5000000000000018 14.000000000000002 83.500000000000014 25.900466167844154 21.435013928550802 95.750000000000014 1.5000000000000002 18.743221685062654 3.5000000000000004 97.500000000000014 86.500000000000014 77.500000000000014
decision_type=2 2 2 2 10 10 2 10 10 8 2 2 2
left_child=5 2 3 4 8 11 7 -7 -2 10 -10 12 -1
right_child=1 -3 -4 -5 -6 6 -8 -9 9 -11 -12 -13 -14
leaf_value=-0 -0 -0.017274060237197804 -0 -0 -0 0 0 -0.075469580944110548 0.15620457429002901 -0 -0 -0 0.019409819181413837
leaf_weight=0.1196934208273891 0.051380451768637481 0.75700806640088547 0.74620928242802609 0.11521140858530989 0.10710037499666204 0.52581221610307771 0.24491214752197252 2.216574914753437 1.3295821957290166 0.049743011593818776 0.04852702096104633 0.20485162734985352 0.48624470829963679
leaf_count=1 1 11 12 3 1 3 1 13 8 1 1 1 2
internal_value=0 0.38196 0.794637 1.12189 1.24932 -0.208149 -0.383205 -0.550877 1.38734 1.45706 1.52839 0 0.0328697
internal_weight=0 3.20476 2.44775 1.70154 1.58633 3.79809 2.9873 2.74239 1.47923 1.42785 1.37811 0.81079 0.605938
internal_count=59 38 27 15 12 21 17 16 11 10 9 4 3
shrinkage=0.0975091


Tree=33
num_leaves=12
num_cat=0
split_feature=3 3 8 7 5 6 2 2 11 4 5
split_gain=1.45884 2.73385 1.11367 0.823984 0.561807 1.0779 0.451561 0.284951 0.271779 0.258654 0.0560097
threshold=497.00000000000006 469.50000000000006 inf 1.5000000000000002 6.5000000000000009 80.500000000000014 1.0000000180025095e-35 3.5000000000000004 44.000000000000007 96.200000000000017 1.5000000000000002
decision_type=10 8 8 2 2 2 8 8 2 2 2
left_child=1 -1 3 9 5 7 -6 8 -2 -3 -7
right_child=4 2 -4 -5 6 10 -8 -9 -10 -11 -12
leaf_value=-0.0026738617844296307 0.12274067434823367 0.18614074757571344 -0 -0 0 0 -0.058208111038592691 -0 -0 -0 -0.021636386079362559
leaf_weight=0.63557107746601138 0.87961730360984869 1.8365999981760981 0.16563017666339863 0.11256606876850116 0.24681593477725949 0.24530404806137063 1.4830231592059135 0.083820499479770771 0.067599043250083923 0.034623876214027294 0.76362800598144531
leaf_count=10 4 9 1 1 1 1 20 2 1 1 8
internal_value=0 0.994792 1.5238 1.71972 0 0.381665 -0.316073 1.0087 1.13917 1.86352 -0
internal_weight=0 2.78499 2.14942 1.98379 3.76981 2.03997 1.72984 1.03104 0.947216 1.87122 1.00893
internal_count=59 22 12 11 37 16 21 7 5 10 9
shrinkage=0.0975091


Tree=34
num_leaves=14
num_cat=0
split_feature=9 1 11 11 1 6 11 4 2 9 4 6 6
split_gain=1.37214 1.6827 0.648306 0.695766 0.659326 0.50259 0.277554 0.245304 0.181856 0.126215 0.00338804 0.000707032 0.00366075
threshold=23.273396940761852 577.50000000000011 44.000000000000007 1.0000000180025095e-35 290.50000000000006 81.500000000000014 6.0000000000000009 97.500000000000014 3.5000000000000004 25.274356576812504 83.90000000000002 86.500000000000014 88.500000000000014
decision_type=10 10 2 2 8 2 2 2 10 10 2 2 2
left_child=6 2 3 -2 -5 7 -1 8 -6 10 -3 -7 -13
right_child=1 9 -4 4 5 11 -8 -9 -10 -11 -12 12 -14
leaf_value=0 -0 0.0062380736507993946 -0 -0 0.16064948603571602 -0 -0.042005701531693182 -0 -0 -0.032287234085212273 -0 0.0066453960013491868 -0
leaf_weight=0.31440471485257138 0.17908318340778429 0.45386661589145638 0.18016511201858507 0.14774841442704234 2.3251987434923662 0.23623452708125103 1.1593151316046713 0.041616905480623134 0.030128918588161361 0.77721530199050892 0.08075463771820067 0.56643611937761307 0.03638022392988205
leaf_count=3 4 2 2 2 15 3 17 1 1 4 1 3 1
internal_value=0 0.706619 1.03302 1.13166 1.23565 1.33116 -0.0614967 1.57795 1.61795 -0 0 0 0.0269044
internal_weight=0 5.05483 3.74299 3.56283 3.38374 3.236 1.47372 2.39694 2.35533 1.31184 0.534621 0.839051 0.602816
internal_count=59 39 32 30 26 24 20 17 16 7 3 7 4
shrinkage=0.0975091


Tree=35
num_leaves=12
num_cat=0
split_feature=1 3 6 11 11 8 2 5 2 6 6
split_gain=1.08952 1.38703 1.45512 0.843089 0.400646 0.279463 0.162646 0.128005 0.00303847 0.000519059 0.00335117
threshold=577.50000000000011 469.50000000000006 80.500000000000014 44.000000000000007 1.0000000180025095e-35 1.0000000180025095e-35 3.5000000000000004 5.5000000000000009 2.5000000000000004 86.500000000000014 88.500000000000014
decision_type=10 8 2 2 2 10 10 2 10 2 2
left_child=1 -1 3 4 -3 6 -6 8 -2 -4 -11
right_child=7 2 9 -5 5 -7 -8 -9 -10 10 -12
leaf_value=-0.0017933653081032978 0.0059101543312675732 -0 -0 -0 0.14855498601629941 -0 -0 -0.03172733010748411 -0 0.0062557760127976911 -0
leaf_weight=0.62921810150146473 0.45312392711639377 0.0805016830563553 0.91421093605458725 0.18016511201858507 2.5112569294869909 0.052763495594262966 0.030128918588161361 0.83524594828486431 0.26201151311397552 0.56633774936199188 0.03638022392988205
leaf_count=10 2 2 11 2 18 1 1 6 2 3 1
internal_value=0 0.635259 0.865597 1.24577 1.38572 1.45164 1.49709 -0.00271926 0 0 0.0230533
internal_weight=0 5.00096 4.37175 2.85482 2.67465 2.59415 2.54139 1.55038 0.715135 1.51693 0.602718
internal_count=59 49 39 24 22 20 19 10 4 15 4
shrinkage=0.0975091


Tree=36
num_leaves=11
num_cat=0
split_feature=1 9 6 4 6 0 9 11 9 4
split_gain=1.42154 1.3102 1.11659 0.695681 0.680361 0.447159 0.370877 0.254128 0.211318 0.348649
threshold=290.50000000000006 28.545765808839654 81.500000000000014 94.450000000000017 74.500000000000014 inf 21.168784491057554 38.000000000000007 25.274356576812504 84.350000000000009
decision_type=10 10 2 2 2 8 10 2 10 2
left_child=5 2 3 4 8 -1 -6 -8 -2 -10
right_child=1 -3 -4 -5 6 -7 7 -9 9 -11
leaf_value=-0.083214789655494642 -0.0054173626323181859 -0.029163375806308338 -0 -0 -0 0 0.12874894032016684 -0 -0 0.071943735743953699
leaf_weight=1.0962055698037143 0.63120537064969517 0.8147306591272353 0.52804761193692673 0.26119328662753094 0.089292701333761534 0.18218547105789201 2.5899253562092786 0.058189250528812297 0.18872587382793429 0.64899152517318726
leaf_count=7 7 6 8 4 2 1 18 2 1 3
internal_value=0 0.369804 0.617826 0.808684 0.918232 -0.614312 1.20826 1.27505 0 0.414537
internal_weight=0 5.8103 4.99557 4.46752 4.20633 1.27839 2.73741 2.64811 1.46892 0.837717
internal_count=59 51 45 37 33 8 22 20 11 4
shrinkage=0.0975091


Tree=37
num_leaves=11
num_cat=0
split_feature=1 9 6 4 6 0 9 11 9 4
split_gain=1.11419 1.09325 0.970142 0.611008 0.554706 0.41305 0.323595 0.221929 0.174292 0.319326
threshold=290.50000000000006 28.545765808839654 81.500000000000014 94.450000000000017 74.500000000000014 inf 21.168784491057554 38.000000000000007 25.274356576812504 84.350000000000009
decision_type=10 10 2 2 2 8 10 2 10 2
left_child=5 2 3 4 8 -1 -6 -8 -2 -10
right_child=1 -3 -4 -5 6 -7 7 -9 9 -11
leaf_value=-0.078636019441072499 -0.0050989860289041081 -0.027557327941258147 -0 -0 -0 0 0.11673406859020985 -0 -0 0.067595892576959041
leaf_weight=1.0700372420251365 0.62870508618652798 0.80066040158271778 0.52804761193692673 0.26119328662753094 0.089292701333761534 0.18218547105789201 2.6150125898420815 0.058189250528812297 0.18872587382793429 0.64750367403030396
leaf_count=7 7 6 8 4 2 1 18 2 1 3
internal_value=0 0.31207 0.545211 0.727356 0.831785 -0.568768 1.09173 1.15455 0 0.376504
internal_weight=0 5.81733 5.01667 4.48862 4.22743 1.25222 2.76249 2.6732 1.46493 0.83623
internal_count=59 51 45 37 33 8 22 20 11 4
shrinkage=0.0975091


Tree=38
num_leaves=11
num_cat=0
split_feature=1 1 5 5 1 9 6 0 1 4
split_gain=0.859095 1.00226 0.590451 0.57376 0.557098 0.656581 0.427516 0.381704 0.381367 0.133592
threshold=290.50000000000006 345.50000000000006 11.500000000000002 6.5000000000000009 539.00000000000011 29.454764128804651 81.500000000000014 inf 648.50000000000011 91.700000000000017
decision_type=10 10 2 2 10 10 2 8 10 2
left_child=7 2 6 4 -3 9 -2 -1 -5 -6
right_child=1 3 -4 8 5 -7 -8 -9 -10 -11
leaf_value=-0.074338547956105866 0.12255555321360273 -0 -0 -0.058463590754003592 0.095632242187667638 -0 -0 0 0 -0
leaf_weight=1.0444561205804344 1.1691993623971937 0.81409437954425845 0.18225584551692001 1.5615380275994537 1.2963399589061735 0.25325249880552281 0.1050639674067496 0.18218547105789201 0.3863696008920669 0.045870006084442021
leaf_count=7 6 10 2 21 6 2 1 1 2 1
internal_value=0 0.25975 0.880695 -0 0.305241 0.643864 1.10437 -0.525913 -0.367987 0.926457
internal_weight=0 5.81398 1.45652 4.35746 2.40956 1.59546 1.27426 1.22664 1.94791 1.34221
internal_count=59 51 9 42 19 9 7 8 23 7
shrinkage=0.0975091


Tree=39
num_leaves=10
num_cat=0
split_feature=5 5 11 2 1 1 11 1 2
split_gain=2.1771 1.34346 0.932296 0.711702 0.426757 0.372148 0.363068 0.248262 0.0021302
threshold=9.5000000000000018 2.5000000000000004 6.0000000000000009 1.5000000000000002 362.00000000000006 340.00000000000006 56.000000000000007 290.50000000000006 2.5000000000000004
decision_type=2 2 2 8 10 8 2 10 10
left_child=1 5 4 -3 7 -1 -7 -2 -5
right_child=2 3 -4 8 -6 6 -8 -9 -10
leaf_value=-0 -0 0 -0 -0.092658419701563965 -0 0.072891570449814744 -0 0.14665937589798964 -0
leaf_weight=0.24688605964183771 0.047802589833736198 0.5065934732556342 0.2663290612399577 2.8774310257285833 0.093537181615829468 0.99633359163999557 0.17945067584514618 0.90110500156879425 1.189232926815748
leaf_count=1 1 4 3 25 2 5 1 4 13
internal_value=0 -0.377795 0.871181 -0.670198 1.24895 0.130328 0.509732 1.41166 -0.81282
internal_weight=0 5.99593 1.30877 4.57326 1.04244 1.42267 1.17578 0.948908 4.06666
internal_count=59 49 10 42 7 7 6 5 38
shrinkage=0.0975091


Tree=40
num_leaves=8
num_cat=0
split_feature=5 6 5 2 1 11 11
split_gain=1.81968 1.21699 1.1681 0.668739 0.321523 0.333894 0.178367
threshold=9.5000000000000018 77.500000000000014 2.5000000000000004 1.5000000000000002 340.00000000000006 56.000000000000007 10.000000000000002
decision_type=2 2 2 8 8 2 2
left_child=2 6 4 -4 -1 -6 -2
right_child=1 -3 3 -5 5 -7 -8
leaf_value=-0 0.13273764087386403 -0 0 -0.076147413051724691 0.068620777848429598 -0 -0
leaf_weight=0.24688605964183771 0.93581645190715779 0.36823754757642746 0.5065934732556342 3.9155976567417383 0.97928796708583843 0.17945067584514618 0.039431285113096237
leaf_count=1 4 5 4 38 5 1 1
internal_value=0 0.775089 -0.357788 -0.63718 0.0911099 0.468417 1.29102
internal_weight=0 1.34349 5.82782 4.42219 1.40562 1.15874 0.975248
internal_count=59 10 49 42 7 6 5
shrinkage=0.0975091


Tree=41
num_leaves=10
num_cat=0
split_feature=5 5 11 2 1 1 11 1 2
split_gain=1.49408 0.997734 0.707853 0.619736 0.326181 0.274804 0.307324 0.190064 0.0433498
threshold=9.5000000000000018 2.5000000000000004 6.0000000000000009 1.5000000000000002 362.00000000000006 340.00000000000006 56.000000000000007 290.50000000000006 2.5000000000000004
decision_type=2 2 2 8 10 8 2 10 10
left_child=1 5 4 -3 7 -1 -7 -2 -5
right_child=2 3 -4 8 -6 6 -8 -9 -10
leaf_value=-0 -0 0 -0 -0.086018431317277377 -0 0.064656678358376685 -0 0.1211056195768917 -0
leaf_weight=0.24688605964183771 0.047802589833736198 0.5065934732556342 0.2663290612399577 2.6040858589112763 0.093537181615829357 0.96180445700883854 0.17945067584514618 0.96023513376712821 1.1350231133401392
leaf_count=1 1 4 3 25 2 5 1 4 13
internal_value=0 -0.331919 0.691934 -0.598439 1.02221 0.0542139 0.429862 1.16261 -0.743582
internal_weight=0 5.63384 1.3679 4.2457 1.10157 1.38814 1.14126 1.00804 3.73911
internal_count=59 49 10 42 7 7 6 5 38
shrinkage=0.0975091


Tree=42
num_leaves=9
num_cat=0
split_feature=4 5 6 9 9 4 1 4
split_gain=1.86457 1.1887 1.14601 0.499759 0.778545 0.430924 0.207272 0.126949
threshold=93.200000000000017 5.5000000000000009 77.500000000000014 26.155042269491002 23.994554422761151 96.200000000000017 290.50000000000006 91.200000000000017
decision_type=2 2 2 10 10 2 10 2
left_child=1 3 5 4 -1 6 -2 -5
right_child=2 -3 -4 7 -6 -7 -8 -9
leaf_value=-0 -0 -0.07307162294196351 -0 -0.04236438706281518 0.082899564118897179 -0 0.14656837840965409 0
leaf_weight=0.82814063690602846 0.039624720811843761 2.1042358241975307 0.31435292959213246 0.61398127675056446 1.3188273832201955 0.091575806960463385 1.1493866890668867 0.14107675850391388
leaf_count=7 1 26 4 4 8 3 5 1
internal_value=0 -0.196504 0.91755 0.038135 0.42014 1.30173 1.43857 -0.229635
internal_weight=0 5.00626 1.59494 2.90203 2.14697 1.28059 1.18901 0.755058
internal_count=59 46 13 20 15 9 6 5
shrinkage=0.0975091


Tree=43
num_leaves=10
num_cat=0
split_feature=3 5 3 11 5 1 1 1 1
split_gain=0.450437 1.22152 1.19185 0.488595 0.367111 0.335616 0.349538 0.0375655 0.0189657
threshold=477.50000000000006 5.5000000000000009 460.50000000000006 6.0000000000000009 6.5000000000000009 919.50000000000011 340.00000000000006 593.50000000000011 327.50000000000006
decision_type=8 2 10 2 2 10 8 10 10
left_child=2 3 8 7 -4 6 -5 -2 -1
right_child=1 -3 4 5 -6 -7 -8 -9 -10
leaf_value=-0.012902776201871984 -0.021423733039277838 -0.068634425690654671 -0 -0 0.11607353170481242 -0 0.079804709912793828 0 0
leaf_weight=0.70920556224882636 0.40423800051212339 1.9187548784539099 0.098113767802715204 0.16280411183834043 1.0243279337882993 0.17765130102634419 1.5479464363306761 0.21547772735357285 0.22482337988913056
leaf_count=9 2 25 1 3 5 1 9 2 2
internal_value=0 -0.0763678 0.416908 0.19854 1.03864 0.515929 0.670712 -0 -0
internal_weight=0 4.42687 2.05647 2.50812 1.12244 1.8884 1.71075 0.619716 0.934029
internal_count=59 42 17 17 6 13 12 4 11
shrinkage=0.0975091


Tree=44
num_leaves=9
num_cat=0
split_feature=4 5 3 4 1 11 4 1
split_gain=1.3595 0.931647 0.338531 0.35599 0.153906 0.11166 0.764346 0.0338949
threshold=93.200000000000017 5.5000000000000009 480.50000000000006 95.750000000000014 290.50000000000006 6.0000000000000009 83.90000000000002 593.50000000000011
decision_type=2 2 10 2 10 2 2 10
left_child=1 5 3 4 -2 7 -7 -1
right_child=2 -3 -4 -5 -6 6 -8 -9
leaf_value=-0.020360660152896431 -0 -0.067887869138926901 0 -0 0.11993077166447907 0.068907012974034024 -0.0020524551939442607 0
leaf_weight=0.40343505144119296 0.039158221334218757 1.9318887777626512 0.516578048467636 0.098113767802715204 0.96259021759033203 1.379127733409405 0.84209487959742524 0.21547772735357285
leaf_count=2 1 26 7 1 4 8 8 2
internal_value=0 -0.190144 0.767826 1.01286 1.16526 0 0.207426 -0
internal_weight=0 4.77202 1.61644 1.09986 1.00175 2.84014 2.22122 0.618913
internal_count=59 46 13 6 5 20 16 4
shrinkage=0.0975091


Tree=45
num_leaves=9
num_cat=0
split_feature=4 6 5 4 9 6 9 11
split_gain=0.661543 1.39942 0.833716 0.669995 0.343823 0.24615 0.281789 0.0309916
threshold=81.450000000000017 74.500000000000014 7.5000000000000009 74.90000000000002 24.171862929000252 81.500000000000014 21.168784491057554 10.000000000000002
decision_type=2 2 2 2 10 2 10 2
left_child=3 2 4 -1 -2 6 -5 -6
right_child=1 -3 -4 5 7 -7 -8 -9
leaf_value=-0 -0 -0.077610692179241034 -0.014903492820698879 -0 0 -0 0.099727140386604518 0.10214095316654723
leaf_weight=1.1429103910923006 0.13220299407839753 2.2638170169666409 0.71371294185519207 0.092114947736263164 0.21393802762031555 0.099291115999221677 1.1132518611848352 0.73364331945776939
leaf_count=8 2 26 8 1 2 2 6 4
internal_value=0 -0.261853 0.121892 0.356057 0.760375 0.782451 0.898097 0.946667
internal_weight=0 4.05731 1.7935 2.44757 1.07978 1.30466 1.20537 0.947581
internal_count=59 42 16 17 8 9 7 6
shrinkage=0.0975091


Tree=46
num_leaves=8
num_cat=0
split_feature=1 1 8 4 11 4 4
split_gain=1.51845 0.753433 0.67451 0.679343 0.511437 0.0717416 0.0105445
threshold=511.50000000000006 697.00000000000011 1.0000000180025095e-35 94.65000000000002 26.000000000000004 70.200000000000017 81.450000000000017
decision_type=8 10 10 2 2 2 2
left_child=2 4 3 6 5 -2 -1
right_child=1 -3 -4 -5 -6 -7 -8
leaf_value=-0 0 -0 0 0 -0 0.10854661759583449 -0.080447876755241676
leaf_weight=0.64998187869787338 0.29411111772060428 0.57925566285848606 0.24849607422947875 0.45164295285940159 0.16790166497230519 1.3899195976555345 2.6137557439506054
leaf_count=6 2 5 2 4 2 7 31
internal_value=0 0.550205 -0.39279 -0.573239 0.848523 1.01353 -0.745756
internal_weight=0 2.43119 3.96388 3.71538 1.85193 1.68403 3.26374
internal_count=59 16 43 41 11 9 37
shrinkage=0.0975091


Tree=47
num_leaves=9
num_cat=0
split_feature=1 1 8 4 8 4 3 4
split_gain=1.22955 0.669639 0.623976 0.639974 0.363042 0.258688 0.190089 0.0884772
threshold=511.50000000000006 743.50000000000011 1.0000000180025095e-35 94.65000000000002 inf 70.200000000000017 582.50000000000011 91.700000000000017
decision_type=8 10 10 2 8 2 10 2
left_child=2 4 3 6 5 -2 -1 -7
right_child=1 -3 -4 -5 -6 7 -8 -9
leaf_value=-0.079048816447830184 0 -0 0 0 -0 0.10196452964874331 -0 -0
leaf_weight=2.6536727454513325 0.37232773751020504 0.35996228456497181 0.24849607422947875 0.45164295285940159 0.1401158571243285 1.522442143410444 0.46828904654830678 0.027785807847976574
leaf_count=32 3 3 2 4 1 8 5 1
internal_value=0 0.498089 -0.357316 -0.542013 0.748041 0.867058 -0.717492 1.01573
internal_weight=0 2.42263 3.8221 3.5736 2.06267 1.92256 3.12196 1.55023
internal_count=59 16 43 41 13 12 37 9
shrinkage=0.0975091


Tree=48
num_leaves=9
num_cat=0
split_feature=0 6 6 7 4 9 11 4
split_gain=0.926562 0.634263 0.541442 0.60369 0.456266 0.240759 0.0293149 0.000252722
threshold=1.0000000180025095e-35 80.500000000000014 77.500000000000014 1.0000000180025095e-35 89.65000000000002 19.452277905791753 56.000000000000007 82.500000000000014
decision_type=8 2 2 2 2 10 2 2
left_child=1 2 5 7 6 -1 -5 -4
right_child=-2 -3 3 4 -6 -7 -8 -9
leaf_value=0 0.073305784495455745 -0.065276942507417918 0 0.088068700816423456 -0 -0.045840667647862293 -0 -0.0017388338675868851
leaf_weight=0.21224737167358432 1.25150890648365 1.0800911420956252 0.21348498761653931 1.5017278566956518 0.19366542436182488 1.1707535721361635 0.0111844204366206 0.42076787911355495
leaf_count=1 6 17 1 8 4 17 1 4
internal_value=0 -0.0579323 0 0.402954 0.708542 -0.239331 0.891835 -0
internal_weight=0 4.80392 3.72383 2.34083 1.70658 1.383 1.51291 0.634253
internal_count=59 53 36 18 13 18 9 5
shrinkage=0.0975091


Tree=49
num_leaves=10
num_cat=0
split_feature=0 2 4 6 4 11 5 11 3
split_gain=0.81847 0.980501 0.477496 0.151317 0.0993642 0.00673773 0.163929 0.0947604 0.0802036
threshold=1.0000000180025095e-35 1.5000000000000002 82.500000000000014 80.500000000000014 92.750000000000014 10.000000000000002 8.5000000000000018 56.000000000000007 1146.5000000000002
decision_type=8 10 2 2 2 2 2 2 10
left_child=1 3 5 4 -1 6 -3 8 -7
right_child=-2 2 -4 -5 -6 7 -8 -9 -10
leaf_value=0.064254250390382489 0.069222420882257857 -0.041376483905951611 -0.070365942152508867 -0 -0 0.039860429065822559 0 -0 -0
leaf_weight=0.9208145737648008 1.2197834402322767 0.56807325780391715 1.8635494085028765 0.10827817395329475 0.058060627430677407 0.6793137788772583 0.2170587033033371 0.20729906857013705 0.08971927314996718
leaf_count=4 6 4 36 2 1 3 1 1 1
internal_value=0 -0.0606961 -0.414692 0.461758 0.584926 -0 -0.070084 0.0278134 0.289516
internal_weight=0 4.71217 3.62501 1.08715 0.978875 1.76146 0.785132 0.976332 0.769033
internal_count=59 53 46 7 5 10 5 5 4
shrinkage=0.0975091


Tree=50
num_leaves=7
num_cat=0
split_feature=0 6 6 7 4 1
split_gain=0.712284 0.519063 0.396142 0.496733 0.376536 0.141027
threshold=1.0000000180025095e-35 80.500000000000014 77.500000000000014 1.0000000180025095e-35 89.65000000000002 340.00000000000006
decision_type=8 2 2 2 2 10
left_child=1 2 5 -4 -5 -1
right_child=-2 -3 3 4 -6 -7
leaf_value=0 0.065418436239533154 -0.06024313644187719 -0 0.078709525203848385 -0 -0.037471079537018954
leaf_weight=0.28868922591209445 1.1882168799638746 1.0170667544007299 0.62111445702612433 1.4776529092341659 0.18225414585322128 1.0073067173361776
leaf_count=3 6 17 5 9 4 15
internal_value=0 -0.0489294 0 0.354257 0.638791 -0.194151
internal_weight=0 4.59408 3.57702 2.28102 1.65991 1.296
internal_count=59 53 36 18 13 18
shrinkage=0.0975091


Tree=51
num_leaves=10
num_cat=0
split_feature=3 6 2 9 9 8 7 6 6
split_gain=0.548879 0.521434 0.259933 0.322541 0.298304 0.286008 0.288505 0.0596022 0.0521189
threshold=492.50000000000006 75.500000000000014 3.5000000000000004 29.101763481618605 20.311745579689802 inf 1.5000000000000002 88.500000000000014 76.500000000000014
decision_type=8 2 10 10 10 8 2 2 2
left_child=-1 -2 3 4 -3 6 7 8 -6
right_child=1 2 -4 -5 5 -7 -8 -9 -10
leaf_value=-0.053755164456460114 -0.018255589999488193 -0 -0 -0 0 -0 -0 -0 0.089015557059605704
leaf_weight=1.1955268718302248 0.75194556172937133 0.17374527081847313 0.21424678713083256 0.21731585264205919 0.42852964252233672 0.13224689662456501 0.11920338124036778 0.025052679702639469 2.1709573706611991
leaf_count=16 9 4 3 2 3 1 1 1 19
internal_value=0 0.124917 0.37903 0.472766 0.57611 0.664405 0.742897 0.818568 0.834112
internal_weight=0 4.23324 3.4813 3.26705 3.04974 2.87599 2.74374 2.62454 2.59949
internal_count=59 43 34 31 29 25 24 23 22
shrinkage=0.0975091


Tree=52
num_leaves=8
num_cat=0
split_feature=3 6 2 9 9 8 6
split_gain=0.454971 0.419539 0.225367 0.284728 0.266251 0.257663 0.0475167
threshold=492.50000000000006 75.500000000000014 3.5000000000000004 29.101763481618605 20.311745579689802 inf 88.500000000000014
decision_type=8 2 10 10 10 8 2
left_child=-1 -2 3 4 -3 6 -6
right_child=1 2 -4 -5 5 -7 -8
leaf_value=-0.051142114954767726 -0.017223858409238773 -0 -0 -0 0.068079206800186975 -0 -0
leaf_weight=1.1552580893039701 0.74218023382127263 0.17374527081847313 0.21424678713083256 0.21731585264205919 2.7043430265039214 0.13224689662456501 0.025052679702639469
leaf_count=16 9 4 3 2 23 1 1
internal_value=0 0.0865194 0.330294 0.421522 0.522035 0.607818 0.684261
internal_weight=0 4.20913 3.46695 3.2527 3.03539 2.86164 2.7294
internal_count=59 43 34 31 29 25 24
shrinkage=0.0975091


Tree=53
num_leaves=7
num_cat=0
split_feature=1 5 5 0 7 1
split_gain=0.341195 0.450578 0.290562 0.34266 0.221381 0.19486
threshold=546.50000000000011 7.5000000000000009 9.5000000000000018 1.0000000180025095e-35 1.5000000000000002 919.50000000000011
decision_type=8 2 2 10 2 10
left_child=2 4 3 -1 5 -2
right_child=1 -3 -4 -5 -6 -7
leaf_value=-0.057693000842485589 0.07500438157753575 -0 0 0 -0 -0
leaf_weight=2.2041684389114389 1.2125728130340578 0.86301740258932091 0.5708055356517433 0.24962541833519925 0.12514990568161 0.092289976775646099
leaf_count=31 6 7 11 2 1 1
internal_value=0 0.164182 -0.281497 -0.44496 0.538165 0.665641
internal_weight=0 2.29303 3.0246 2.45379 1.43001 1.30486
internal_count=59 15 44 33 8 7
shrinkage=0.0975091


Tree=54
num_leaves=10
num_cat=0
split_feature=5 9 11 9 5 2 11 5 2
split_gain=0.837842 0.557436 0.587683 0.228815 0.208116 0.113121 0.12651 0.190275 0.0620334
threshold=4.5000000000000009 22.201643388332453 22.000000000000004 29.454764128804651 8.5000000000000018 1.5000000000000002 22.000000000000004 1.0000000180025095e-35 3.5000000000000004
decision_type=2 10 2 10 2 10 2 2 10
left_child=5 -2 3 4 8 -1 7 -7 -3
right_child=1 2 -4 -5 -6 6 -8 -9 -10
leaf_value=0 -0 0.10841222629454539 -0 -0 0 0 0 -0.057990845909724704 -0
leaf_weight=0.44854211434721913 0.31945478077977929 1.9257744941860448 0.26724965963512648 0.088864218443632015 0.8985585831105708 0.37239702045917489 0.14357414841651928 0.84456117823719967 0.017897630110382923
leaf_count=4 8 14 9 2 12 2 1 6 1
internal_value=0 0.554986 0.70114 0.842117 0.894372 -0.0222139 -0.256593 -0.388976 1.09536
internal_weight=0 3.5178 3.19834 2.93109 2.84223 1.80907 1.36053 1.21696 1.94367
internal_count=59 46 38 29 27 13 9 8 15
shrinkage=0.0975091


Tree=55
num_leaves=13
num_cat=0
split_feature=1 9 5 11 9 6 11 11 2 2 1 1
split_gain=1.28933 0.66429 0.665035 0.372812 0.296953 0.303477 0.220994 0.212703 0.0719515 0.0623223 0.00253497 0.0283588
threshold=290.50000000000006 23.994554422761151 8.5000000000000018 22.000000000000004 29.454764128804651 87.500000000000014 6.0000000000000009 22.000000000000004 3.5000000000000004 1.5000000000000002 334.50000000000006 539.00000000000011
decision_type=10 10 2 2 10 2 2 2 10 10 10 10
left_child=7 10 3 4 5 6 -3 9 -8 -1 -2 -12
right_child=1 2 -4 -5 -6 -7 8 -9 -10 -11 11 -13
leaf_value=0 0 -0 -0 -0 -0 -0 0.1207342010426378 0 -0 -0.063803818374553331 -0.015964626471870507 0
leaf_weight=0.036595258861780056 0.24570152163505529 0.13479341566562864 0.58202519454061963 0.12304908037185658 0.088864218443632015 0.08129809051752078 2.1918474845588212 0.14357414841651917 0.017897630110382923 0.81651349551975716 0.77855041064321984 0.11458984017372131
leaf_count=1 1 3 9 3 2 1 11 1 1 8 17 1
internal_value=0 0.531739 0.746455 0.941112 1.0259 1.09176 1.15725 -0.413789 1.22255 -0.60382 -0 -0.0447281
internal_weight=0 4.35862 3.21978 2.63775 2.5147 2.42584 2.34454 0.996683 2.20975 0.853109 1.13884 0.89314
internal_count=59 49 30 21 18 16 15 10 12 9 19 18
shrinkage=0.0975091


Tree=56
num_leaves=9
num_cat=0
split_feature=4 1 1 4 11 11 7 1
split_gain=1.15648 0.838488 0.736642 0.190229 0.177335 0.143184 0.0110261 0.0855922
threshold=94.65000000000002 539.00000000000011 332.50000000000006 96.200000000000017 22.000000000000004 22.000000000000004 1.0000000180025095e-35 290.50000000000006
decision_type=2 10 8 2 2 2 2 10
left_child=1 2 6 -2 -4 -3 -1 -8
right_child=3 5 4 -5 -6 -7 7 -9
leaf_value=-0 0.10677221947539572 0.055357867704911849 -0.077512221230911782 -0 0 -0 -0 0.033816643233872873
leaf_weight=0.23702784255147011 0.91811394691467285 1.3755947425961492 1.7335790041834118 0.058089479804039001 0.30603192280977953 0.10408687591552725 0.16076276451349258 0.42936225235462183
leaf_count=4 4 8 26 2 8 2 3 2
internal_value=0 -0 -0.359049 1.00326 -0.691596 0.476406 0 0.106943
internal_weight=0 4.34645 2.86676 0.976203 2.03961 1.47968 0.827153 0.590125
internal_count=59 53 43 6 34 10 9 5
shrinkage=0.0975091


Tree=57
num_leaves=9
num_cat=0
split_feature=1 3 5 2 3 1 2 1
split_gain=1.71015 1.07409 0.288776 0.309712 0.270363 0.226301 0.0128016 0.00400165
threshold=389.00000000000006 453.50000000000006 1.5000000000000002 1.0000000180025095e-35 485.50000000000006 301.50000000000006 2.5000000000000004 553.00000000000011
decision_type=8 10 2 8 10 10 10 8
left_child=1 -1 7 -4 5 -3 -5 -2
right_child=2 4 3 6 -6 -7 -8 -9
leaf_value=-0 -0 -0 0 -0.053125667332325835 0 0.14425187613966159 -0 0.0063878379373586034
leaf_weight=0.32611114345490921 0.56631624698638927 0.044318310916423687 0.22191807627677951 1.9984993711113932 0.36664746701717366 1.1109559237956999 0.64489869028329838 0.55848385021090519
leaf_count=6 3 1 1 27 5 5 7 4
internal_value=0 0.869275 -0.145937 -0.34328 1.20505 1.4061 -0.478698 0
internal_weight=0 1.84803 3.99012 2.86532 1.52192 1.15527 2.6434 1.1248
internal_count=59 17 42 35 11 6 34 7
shrinkage=0.0975091


Tree=58
num_leaves=11
num_cat=0
split_feature=1 3 9 3 1 1 3 5 9 3
split_gain=1.41495 0.957017 0.27506 0.20128 0.199948 0.153563 0.0824495 0.0695519 0.0364797 0.0433631
threshold=389.00000000000006 453.50000000000006 23.373246118604602 485.50000000000006 301.50000000000006 399.00000000000006 653.50000000000011 1.5000000000000002 29.454764128804651 843.50000000000011
decision_type=8 10 10 10 10 10 10 2 10 10
left_child=1 -1 5 4 -3 -2 7 -4 9 -8
right_child=2 3 6 -5 -6 -7 8 -9 -10 -11
leaf_value=-0 0 -0 0 0 0.13210604254018488 -0.053259642000085546 0.036099288642764897 -0.021390685129580533 -0 -0
leaf_weight=0.32611114345490921 0.4250760301947597 0.044318310916423687 0.23140984401106868 0.36664746701717366 1.1281982362270353 1.286168113350868 0.80885588377714146 1.0750006455928085 0.054016690701246255 0.051949348300695419
leaf_count=6 3 1 2 5 5 18 5 12 1 1
internal_value=0 0.790413 -0.124408 1.10972 1.28593 -0.404815 0 -0.0102712 0.25266 0.310119
internal_weight=0 1.86528 3.93248 1.53916 1.17252 1.71124 2.22123 1.30641 0.914822 0.860805
internal_count=59 17 42 11 6 21 21 14 7 6
shrinkage=0.0975091


Tree=59
num_leaves=8
num_cat=0
split_feature=1 3 5 2 5 1 1
split_gain=1.18496 0.858732 0.238092 0.270913 0.164534 0.157332 0.00235121
threshold=389.00000000000006 453.50000000000006 1.5000000000000002 1.0000000180025095e-35 11.500000000000002 301.50000000000006 553.00000000000011
decision_type=8 10 2 8 2 10 8
left_child=1 -1 6 -4 5 -3 -2
right_child=2 4 3 -5 -6 -7 -8
leaf_value=-0 -0 -0 0 -0.042847337658947424 -0 0.11053705601493934 0.0049185793995472947
leaf_weight=0.32611114345490921 0.55726207792758953 0.044318310916423687 0.21918617188930545 2.5373208122327924 0.04932030290365208 1.4537264332175253 0.55010793730616581
leaf_count=6 3 1 1 34 1 9 4
internal_value=0 0.720935 -0.111969 -0.305006 1.02709 1.08194 0
internal_weight=0 1.87348 3.86388 2.75651 1.54737 1.49804 1.10737
internal_count=59 17 42 35 11 10 7
shrinkage=0.0975091


Tree=60
num_leaves=12
num_cat=0
split_feature=1 3 6 9 5 3 5 9 1 1 9
split_gain=0.376633 0.849067 0.501707 0.269421 0.181547 0.0518777 0.261442 0.112218 0.129204 0.0852153 0.0728031
threshold=327.50000000000006 492.50000000000006 75.500000000000014 24.238661247954603 1.5000000000000002 639.50000000000011 3.5000000000000004 23.640349283640351 697.00000000000011 546.50000000000011 29.454764128804651
decision_type=10 10 2 10 2 10 2 10 10 10 10
left_child=3 2 -2 -1 -5 6 -3 -7 9 -9 -11
right_child=1 5 -4 4 -6 7 -8 8 -10 10 -12
leaf_value=0 0.12303066408595315 0 -0 0 -0.061781855746577977 -0 -0.042114538560582893 -0 -0 0.054554889732896128 -0
leaf_weight=0.75051350891590096 0.66138641722500358 0.43452221155166654 0.13853537291288376 0.11294952780008294 0.94706361182034005 0.23560739215463389 1.1828007623553274 0.07036381214857089 0.13305944204330433 0.97533784806728341 0.052000749856233597
leaf_count=7 4 3 4 1 8 4 20 1 1 5 1
internal_value=0 0.264326 0.988284 -0.190597 -0.493178 -0 -0.120588 0.111602 0.290196 0.423819 0.499453
internal_weight=0 3.88361 0.799922 1.81053 1.06001 3.08369 1.61732 1.46637 1.23076 1.0977 1.02734
internal_count=59 43 8 16 9 35 23 12 8 7 6
shrinkage=0.0975091


Tree=61
num_leaves=11
num_cat=0
split_feature=1 3 6 4 4 3 5 5 6 6
split_gain=0.314869 0.712214 0.44356 0.140573 0.0663133 0.0315196 0.237138 0.0504579 0.0158788 0.00879145
threshold=327.50000000000006 492.50000000000006 75.500000000000014 74.000000000000014 96.200000000000017 639.50000000000011 3.5000000000000004 8.5000000000000018 82.500000000000014 77.500000000000014
decision_type=10 10 2 2 2 10 2 2 2 2
left_child=3 2 4 -1 -2 6 -3 8 9 -7
right_child=1 5 -4 -5 -6 7 -8 -9 -10 -11
leaf_value=0 0.11606419454466084 0 -0 -0.035156544658826706 -0 0 -0.040019395974898689 -0 -0 0.024317292360466352
leaf_weight=0.6249646209180354 0.66892942786216769 0.43452221155166654 0.13853537291288376 1.1644260436296461 0.017637504264712334 0.21514539420604692 1.1448831576853988 0.15672465413808812 0.033538397401571163 1.0401855623349545
leaf_count=4 3 3 4 12 1 2 20 2 1 7
internal_value=0 0.245925 0.89835 -0.165713 1.15356 -0 -0.0978384 0.083943 0.195077 0.220419
internal_weight=0 3.8501 0.825102 1.78939 0.686567 3.025 1.57941 1.44559 1.28887 1.25533
internal_count=59 43 8 16 4 35 23 12 10 9
shrinkage=0.0975091


Tree=62
num_leaves=11
num_cat=0
split_feature=1 3 6 9 4 9 3 9 6 3
split_gain=0.275446 0.590191 0.395416 0.231598 0.0592061 0.0292248 0.165556 0.0578575 0.0199335 0.0134347
threshold=327.50000000000006 492.50000000000006 75.500000000000014 24.238661247954603 96.200000000000017 26.338366986907303 639.50000000000011 28.163780009574307 77.500000000000014 534.50000000000011
decision_type=10 10 2 10 2 8 10 10 2 10
left_child=3 2 4 -1 -2 6 -3 8 -7 -10
right_child=1 5 -4 -5 -6 7 -8 -9 9 -11
leaf_value=0 0.10678989832435874 -0.034577542957590655 -0 -0.043456114649594209 -0 -0 0 -0 -0 0.030199583514891756
leaf_weight=0.74543612077832211 0.68759040534496341 1.037308654747904 0.13853537291288376 1.0288516338914631 0.017637504264712334 0.031623452901840099 1.0044673122465608 0.13565496727824211 0.019242536276578903 0.75764229893684387
leaf_count=7 3 18 4 9 1 1 9 2 1 4
internal_value=0 0.233108 0.81991 -0.147946 1.06064 -0 -0.070206 0.114623 0.252141 0.287477
internal_weight=0 3.8297 0.843763 1.77429 0.705228 2.98594 2.04178 0.944163 0.808508 0.776885
internal_count=59 43 8 16 4 35 27 8 6 5
shrinkage=0.0975091


Tree=63
num_leaves=13
num_cat=0
split_feature=1 1 3 3 5 4 3 7 1 1 4 4
split_gain=1.28666 0.599182 0.558295 0.336096 0.292776 0.366809 0.458595 0.0506423 0.0493572 0.0268109 0.016996 0.01122
threshold=332.50000000000006 290.50000000000006 653.50000000000011 453.50000000000006 10.500000000000002 83.100000000000009 512.00000000000011 1.0000000180025095e-35 919.50000000000011 539.00000000000011 74.000000000000014 95.750000000000014
decision_type=10 8 10 8 2 2 10 2 10 10 2 2
left_child=1 -1 11 -3 5 10 -7 -4 9 -9 -5 -2
right_child=2 3 7 4 -6 6 -8 8 -10 -11 -12 -13
leaf_value=-0 -0.060663293087613451 -0 -0 0.013782133260468246 -0 0.13672250242175554 -0 -0 -0 0.032728882690032608 -0 -0
leaf_weight=0.2922294428572062 1.3460646593011918 0.1234889999032024 0.25094878673553445 0.47679853439331127 0.098370023071765789 1.3259745389223097 0.096175715327262754 0.036187720485031605 0.081812575459480286 0.75164011120796193 0.38758803158998489 0.52787904441356648
leaf_count=8 21 1 4 2 1 6 1 2 1 4 3 5
internal_value=0 0.637126 -0.169003 0.809299 0.897833 0.972603 1.26705 0 0.201798 0.293384 0 -0.539595
internal_weight=0 2.80063 2.99453 2.5084 2.38491 2.28654 1.42215 1.12059 0.86964 0.787828 0.864387 1.87394
internal_count=59 22 37 14 13 12 7 11 7 6 5 26
shrinkage=0.0975091


Tree=64
num_leaves=11
num_cat=0
split_feature=1 10 1 9 11 3 3 9 9 4
split_gain=1.07061 0.806721 0.808717 0.511325 0.488768 0.422418 0.330549 0.291961 0.0186294 0.0112794
threshold=332.50000000000006 1.0000000180025095e-35 290.50000000000006 26.338366986907303 18.000000000000004 512.00000000000011 807.50000000000011 16.945748742611105 29.454764128804651 97.500000000000014
decision_type=10 2 8 10 2 10 10 8 10 2
left_child=1 -1 -3 6 5 7 -2 -4 9 -5
right_child=3 2 4 8 -6 -7 -8 -9 -10 -11
leaf_value=-0 -0.061988284279362628 -0 -0 0.017471385657958506 -0 -0 0 0.13484491814717098 -0 -0
leaf_weight=0.59490796551108405 1.9025866715237503 0.27283590566366944 0.06216747313737836 0.60826453566551197 0.12348899990320196 0.096175715327262754 0.29421730339527119 1.6536905318498611 0.095685645937919603 0.03162345290184021
leaf_count=5 29 7 1 3 1 1 2 7 2 1
internal_value=0 0.577354 0.85002 -0.155343 1.07613 1.20294 -0.478857 1.30989 0.0382685 0.141342
internal_weight=0 2.80327 2.20836 2.93238 1.93552 1.81203 2.1968 1.71586 0.735574 0.639888
internal_count=59 22 17 37 10 9 31 8 6 4
shrinkage=0.0975091


Tree=65
num_leaves=13
num_cat=0
split_feature=1 1 3 3 5 4 3 7 1 1 4 4
split_gain=0.824749 0.463965 0.456841 0.266508 0.234105 0.285977 0.366737 0.0423048 0.0456982 0.0235899 0.0071202 0.00306432
threshold=332.50000000000006 290.50000000000006 653.50000000000011 453.50000000000006 10.500000000000002 83.100000000000009 512.00000000000011 1.0000000180025095e-35 919.50000000000011 539.00000000000011 95.750000000000014 74.000000000000014
decision_type=10 8 10 8 2 2 10 2 10 10 2 2
left_child=1 -1 10 -3 5 11 -7 -4 9 -9 -2 -5
right_child=2 3 7 4 -6 6 -8 8 -10 -11 -12 -13
leaf_value=-0 -0.055005935131179448 -0 -0 0.0059098228292922828 -0 0.11633863069075329 -0 -0 -0 0.030820891667717312 -0 -0
leaf_weight=0.2922294428572062 1.246073635760695 0.1234889999032024 0.241791035979986 0.46025162935257041 0.098370023071765789 1.3378639370203016 0.096175715327262754 0.034097772091627121 0.081812575459480286 0.74299965053796768 0.51330798678100098 0.38758803158998489
leaf_count=8 21 1 4 2 1 6 1 2 1 4 5 3
internal_value=0 0.508448 -0.126274 0.667832 0.750174 0.819605 1.07002 0 0.185241 0.276504 -0.488176 0
internal_weight=0 2.79597 2.86008 2.50374 2.38025 2.28188 1.43404 1.1007 0.85891 0.777097 1.75938 0.84784
internal_count=59 22 37 14 13 12 7 11 7 6 26 5
shrinkage=0.0975091


Tree=66
num_leaves=13
num_cat=0
split_feature=9 9 6 4 1 11 11 4 5 4 4 2
split_gain=0.444476 1.17417 0.276179 0.304003 0.190303 0.238714 0.177849 0.144749 0.067602 0.0487682 0.0272371 0.0871375
threshold=24.238661247954603 21.983255879032502 73.500000000000014 70.200000000000017 423.00000000000006 6.0000000000000009 22.000000000000004 90.200000000000017 11.500000000000002 96.200000000000017 64.100000000000009 1.5000000000000002
decision_type=10 10 2 2 10 2 2 2 2 2 2 10
left_child=1 10 -3 -4 -2 -6 8 -7 9 -5 -1 -12
right_child=4 2 3 6 5 7 -8 -9 -10 -11 11 -13
leaf_value=0 -0.036637483492698332 -0 -0 0.1000128780604024 -0 0.059373190850919196 -0 -0 -0 -0 0 -0.029460480604793185
leaf_weight=0.2618074789643291 0.9740276336669923 0.10706400871276887 0.10525985062122378 2.1467479281127466 0.4778530169278381 0.66031032800674438 0.059653987176716217 0.10423664934933186 0.022067358717322239 0.015677018091082462 0.14957983791828133 0.87901239981874812
leaf_count=2 10 1 1 14 5 3 2 3 1 1 1 15
internal_value=0 0.382609 0.792444 0.86837 -0 0 0.948946 0.457901 0.995494 1.01306 -0 -0.139355
internal_weight=0 3.74687 2.45647 2.34941 2.21643 1.2424 2.24415 0.764547 2.18449 2.16242 1.2904 1.02859
internal_count=59 38 20 19 21 11 18 6 16 15 18 16
shrinkage=0.0975091


Tree=67
num_leaves=8
num_cat=0
split_feature=3 3 4 1 4 1 9
split_gain=0.647805 0.866223 0.40588 0.339113 0.424004 0.21805 0.1868
threshold=480.50000000000006 453.50000000000006 95.750000000000014 648.50000000000011 81.950000000000017 290.50000000000006 21.983255879032502
decision_type=8 10 2 8 2 10 10
left_child=1 -1 5 4 -2 -3 -5
right_child=3 2 -4 6 -6 -7 -8
leaf_value=-0 0 -0 -0 -0 -0.058341552048844142 0.11040719768767512 0.046149355486247531
leaf_weight=0.40249256975948799 0.98228437453508444 0.061571072787046321 0.12397895008325566 0.60217780619859673 1.550352783873677 1.3756624311208723 0.79142853617668141
leaf_count=8 6 1 1 5 28 6 4
internal_value=0 0.567532 0.914716 -0 -0.301874 1.05739 0.204945
internal_weight=0 1.96371 1.56121 3.92624 2.53264 1.43723 1.39361
internal_count=59 16 8 43 34 7 9
shrinkage=0.0975091


end of trees

feature importances:
Simple_reaction_time_Ex5=119
CASIX4=85
BMIX4=83
Choice_reaction_time_Ex5=81
Olfaction_complete_Ex5_Ex4=69
ECGage=61
Coffee_oz_Ex1=54
new_BM_frequency=37
Sleepy_complete=13
new_smoke=10
TBI_LOC=10
HYPBP1=1

parameters:
[boosting: gbdt]
[objective: binary]
[metric: auc]
[tree_learner: serial]
[device_type: cpu]
[data: ]
[valid: ]
[num_iterations: 100]
[learning_rate: 0.0975091]
[num_leaves: 21]
[num_threads: 4]
[max_depth: 25]
[min_data_in_leaf: 1]
[min_sum_hessian_in_leaf: 0.001]
[bagging_fraction: 0.338711]
[pos_bagging_fraction: 1]
[neg_bagging_fraction: 1]
[bagging_freq: 3]
[bagging_seed: 3]
[feature_fraction: 0.762063]
[feature_fraction_bynode: 1]
[feature_fraction_seed: 2]
[early_stopping_round: 0]
[first_metric_only: 0]
[max_delta_step: 0]
[lambda_l1: 0.674952]
[lambda_l2: 0.373958]
[min_gain_to_split: 0]
[drop_rate: 0.1]
[max_drop: 50]
[skip_drop: 0.5]
[xgboost_dart_mode: 0]
[uniform_drop: 0]
[drop_seed: 4]
[top_rate: 0.2]
[other_rate: 0.1]
[min_data_per_group: 100]
[max_cat_threshold: 32]
[cat_l2: 10]
[cat_smooth: 10]
[max_cat_to_onehot: 4]
[top_k: 20]
[monotone_constraints: ]
[feature_contri: ]
[forcedsplits_filename: ]
[forcedbins_filename: ]
[refit_decay_rate: 0.9]
[cegb_tradeoff: 1]
[cegb_penalty_split: 0]
[cegb_penalty_feature_lazy: ]
[cegb_penalty_feature_coupled: ]
[verbosity: 1]
[max_bin: 181]
[max_bin_by_feature: ]
[min_data_in_bin: 3]
[bin_construct_sample_cnt: 200000]
[histogram_pool_size: -1]
[data_random_seed: 1]
[output_model: LightGBM_model.txt]
[snapshot_freq: -1]
[input_model: ]
[output_result: LightGBM_predict_result.txt]
[initscore_filename: ]
[valid_data_initscores: ]
[pre_partition: 0]
[enable_bundle: 1]
[max_conflict_rate: 0]
[is_enable_sparse: 1]
[sparse_threshold: 0.8]
[use_missing: 1]
[zero_as_missing: 0]
[two_round: 0]
[save_binary: 0]
[header: 0]
[label_column: ]
[weight_column: ]
[group_column: ]
[ignore_column: ]
[categorical_feature: ]
[predict_raw_score: 0]
[predict_leaf_index: 0]
[predict_contrib: 0]
[num_iteration_predict: -1]
[pred_early_stop: 0]
[pred_early_stop_freq: 10]
[pred_early_stop_margin: 10]
[convert_model_language: ]
[convert_model: gbdt_prediction.cpp]
[num_class: 1]
[is_unbalance: 0]
[scale_pos_weight: 1]
[sigmoid: 1]
[boost_from_average: 1]
[reg_sqrt: 0]
[alpha: 0.9]
[fair_c: 1]
[poisson_max_delta_step: 0.7]
[tweedie_variance_power: 1.5]
[max_position: 20]
[lambdamart_norm: 1]
[label_gain: ]
[metric_freq: 1]
[is_provide_training_metric: 0]
[eval_at: ]
[multi_error_top_k: 1]
[num_machines: 1]
[local_listen_port: 12400]
[time_out: 120]
[machine_list_filename: ]
[machines: ]
[gpu_platform_id: -1]
[gpu_device_id: -1]
[gpu_use_dp: 0]

end of parameters

pandas_categorical:[]
