tree
version=v3
num_class=1
num_tree_per_iteration=1
label_index=0
max_feature_idx=11
objective=binary sigmoid:1
feature_names=Sleepy_complete Simple_reaction_time_Ex5 new_BM_frequency Choice_reaction_time_Ex5 CASIX4 Olfaction_complete_Ex5_Ex4 ECGage new_smoke TBI_LOC BMIX4 HYPBP1 Coffee_oz_Ex1
feature_infos=[0:1] [1:1347] [0:4] [60:1812] [2.5:98.400000000000006] [0:12] [72:90] [0:2] [0:1] [14.6411231134028:33.738952304877699] [0:1] [0:64]
tree_sizes=1300 1424 1033 1241 1208 1155 1037 1019 963 1234 1211 1050 845 902 1009 1040 1039 1326 880 963 1061 963 1125 1147 498 500 510 1022 1208 1040 723 661 745 930 917 1026 1282 1278 1046 1028 852 1134 1289 1063 1065 1112 941 867 1125 1194 1118 1114 674 949 1040

Tree=0
num_leaves=12
num_cat=0
split_feature=5 3 6 3 3 3 6 9 9 3 3
split_gain=9.37287 5.66689 2.75616 1.91311 4.14956 1.61839 1.58278 1.41639 0.146238 0.291107 0.0158086
threshold=1.5000000000000002 477.50000000000006 87.500000000000014 492.50000000000006 470.00000000000006 768.50000000000011 78.500000000000014 28.283900408551403 26.966718783655804 1101.5000000000002 637.00000000000011
decision_type=2 8 2 8 10 10 2 10 10 10 10
left_child=1 -1 -3 4 -2 7 -6 -5 9 -7 -9
right_child=3 2 -4 5 6 8 -8 10 -10 -11 -12
leaf_value=-1.2012269160498465 -1.2560603693053844 -0.90229789979461261 -1.1990828190317442 -1.3041188276280142 -0.98370558838368838 -1.1314063546677533 -1.1990828190317442 -1.1825804369266029 -1.1990828190317442 -1.1990828190317442 -1.1990828190317442
leaf_weight=0.53394618630409363 1.2458744347095465 1.4238564968109129 0.17798206210136402 4.8055156767368326 0.71192824840545643 0.53394618630409219 0.17798206210136414 0.17798206210136402 0.35596412420272827 0.17798206210136414 0.17798206210136414
leaf_count=3 7 8 1 27 4 3 1 1 2 1 1
internal_value=0 1.8111 2.65225 -0.367549 0.217308 -0.671236 1.71446 -0.91096 0 0.366977 0
internal_weight=0 2.13578 1.60184 8.36516 2.13578 6.22937 0.88991 5.16148 1.06789 0.711928 0.355964
internal_count=59 12 9 47 12 35 5 29 6 4 2
shrinkage=1


Tree=1
num_leaves=14
num_cat=0
split_feature=11 11 3 1 6 1 6 1 9 9 3 6 1
split_gain=4.13758 3.57715 1.69781 1.71051 1.66644 2.74643 1.66027 0.873869 0.842979 0.271237 0.0919401 0.620997 0.0117928
threshold=18.000000000000004 1.0000000180025095e-35 742.50000000000011 354.50000000000006 78.500000000000014 290.50000000000006 74.500000000000014 652.00000000000011 19.595403614994954 24.680898390251404 578.50000000000011 83.500000000000014 698.50000000000011
decision_type=2 2 8 10 2 10 2 10 10 10 10 2 10
left_child=1 8 3 4 5 -3 -4 -2 -1 10 -5 -12 -9
right_child=7 2 6 9 -6 -7 -8 12 -10 -11 11 -13 -14
leaf_value=0.0090156796815985263 -0.091081561232400715 -0 -0 -0 -0 0.21514253285231061 0.22384270604660447 0.014170754338176555 -0.071317036019938343 -0.043201493087969257 0.092951803376709718 -0 -0
leaf_weight=0.1980876326560973 2.924824178218842 0.34042491018772147 0.16790206730365742 0.33580413460731529 0.34567928314208973 0.97912061214447021 1.2109184265136717 0.18441364169120775 1.7182973623275755 1.0120331794023512 0.4106019139289856 0.33580413460731506 0.34588412940502167
leaf_count=1 17 2 1 2 2 5 6 1 10 6 2 2 2
internal_value=0 0.539516 0.995098 0.335192 1.03255 1.50592 1.95392 -0.723502 -0.350344 -0.0182772 0 0.286466 0
internal_weight=0 7.05467 5.13829 3.75947 1.66522 1.31955 1.37882 3.45512 1.91638 2.09424 1.08221 0.746406 0.530298
internal_count=59 39 28 21 9 7 7 20 11 12 6 4 3
shrinkage=0.0975091


Tree=2
num_leaves=10
num_cat=0
split_feature=5 3 1 1 6 1 6 3 3
split_gain=5.96868 3.53259 2.24576 2.79962 3.06804 2.09361 1.63123 0.316696 0.486424
threshold=1.5000000000000002 477.50000000000006 349.50000000000006 290.50000000000006 77.500000000000014 652.00000000000011 87.500000000000014 768.50000000000011 1101.5000000000002
decision_type=2 8 8 10 2 10 2 10 10
left_child=1 -1 3 -2 -5 -4 -3 -7 -9
right_child=2 6 5 4 -6 7 -8 8 -10
leaf_value=-0 -0.051069621058555087 0.21381574040442158 -0.099683448075937681 0.19377808857347287 -0 -0 -0 0.100885600582345 -0
leaf_weight=0.5177545100450528 1.1685228794813132 1.7654719203710554 4.4266151934862146 1.0477532297372816 0.49080999195575697 0.33164756000041951 0.17114508152008046 0.39059330523014074 0.17798206210136414
leaf_count=3 7 8 27 5 3 2 1 2 1
internal_value=0 1.34587 -0.320411 0.23503 1.15395 -0.717981 1.93549 0.109565 0.593493
internal_weight=0 2.45437 8.03392 2.70709 1.53856 5.32684 1.93662 0.900223 0.568575
internal_count=59 12 47 15 8 32 9 5 3
shrinkage=0.0975091


Tree=3
num_leaves=12
num_cat=0
split_feature=1 9 6 3 2 3 11 5 1 1 5
split_gain=4.50656 3.25782 2.03406 1.37792 1.38489 1.12112 1.30628 0.495661 0.157912 0.0948523 0.0268726
threshold=581.50000000000011 24.585111694086553 86.500000000000014 498.00000000000006 1.5000000000000002 475.50000000000006 26.000000000000004 3.5000000000000004 996.50000000000011 770.00000000000011 2.5000000000000004
decision_type=8 8 2 10 8 8 2 2 10 10 2
left_child=2 9 3 5 -5 7 -7 10 -3 -2 -1
right_child=1 8 -4 4 -6 6 -8 -9 -10 -11 -12
leaf_value=-0 0.20319165939049497 -0.036028039208413666 0.10041932229992642 0 -0.098980188310908726 0.14128558219479836 -0 -0.065259781049301496 0.0027310010924147519 0 0.021815051999988636
leaf_weight=0.346815526485443 1.2687724977731716 0.77938038110733021 0.38682731986045832 0.22908127307891837 4.2096238881349564 0.61724264919757832 0.33357548713684082 1.5060261338949201 0.21336559951305387 0.41496001183986647 0.16293542087078094
leaf_count=2 6 4 2 1 26 3 2 9 1 2 1
internal_value=0 1.11326 -0.299588 -0.501963 -0.832824 0 0.764707 -0.380739 -0 1.84947 0
internal_weight=0 2.67648 7.79213 7.4053 4.43871 2.9666 0.950818 2.01578 0.992746 1.68373 0.509751
internal_count=59 13 46 44 27 17 5 12 5 8 3
shrinkage=0.0975091


Tree=4
num_leaves=12
num_cat=0
split_feature=11 6 9 2 5 4 5 9 2 4 11
split_gain=2.73258 1.76679 2.89775 1.84072 2.16221 1.45571 1.2988 0.811466 0.577478 0.507057 0.0801465
threshold=22.000000000000004 78.500000000000014 20.652286124436952 3.5000000000000004 9.5000000000000018 97.250000000000014 5.5000000000000009 24.680898390251404 3.5000000000000004 94.65000000000002 6.0000000000000009
decision_type=2 2 10 10 2 2 2 10 8 2 2
left_child=1 6 -3 4 5 -4 7 8 -1 -8 -9
right_child=-2 2 3 -5 -6 -7 9 10 -10 -11 -12
leaf_value=0.11309723572097075 -0.077784645279806358 -0.022456435438012793 0.20826884641752921 -0 -0 -0 -0.072811322597125624 0 -0 0 -0.026530458671442367
leaf_weight=1.0661372542381269 2.1640625000000009 0.7080175727605823 2.080780237913133 0.31513221561908711 0.29105788469314564 0.15838772058486927 1.8812609016895296 0.22020994126796711 0.1577424854040147 0.54028229415416718 0.7086857408285141
leaf_count=5 14 4 10 2 2 1 12 1 1 3 4
internal_value=0 0.365025 0.859248 1.33528 1.61563 1.93092 -0 0.465871 0.92253 -0.518106 -0
internal_weight=0 8.12769 3.55338 2.84536 2.53023 2.23917 4.57432 2.15278 1.22388 2.42154 0.928896
internal_count=59 45 19 15 13 11 26 11 6 15 5
shrinkage=0.0975091


Tree=5
num_leaves=11
num_cat=0
split_feature=3 9 3 2 3 4 9 2 4 3
split_gain=3.13402 2.26704 1.14038 2.87469 1.64307 0.859646 0.609309 0.792894 0.0783392 0.0342002
threshold=768.50000000000011 24.585111694086553 498.00000000000006 1.5000000000000002 475.50000000000006 97.250000000000014 26.130934697736304 2.5000000000000004 72.950000000000017 1101.5000000000002
decision_type=8 8 10 8 10 2 10 10 2 8
left_child=2 8 4 -4 5 -1 7 -6 -2 -3
right_child=1 9 3 -5 6 -7 -8 -9 -10 -11
leaf_value=-0.069728934645539101 0 0 0.07939641711978894 -0.094564009023223025 0.14420997744483621 0.017247243746996606 -0 -0 0.16289740455746396 -0.018265069370191553
leaf_weight=1.7415360212326043 0.42446355521679047 0.37831871211528767 0.43442560732364638 3.8863925635814667 0.90983280539512612 0.17590180039405812 0.16176213324069966 0.15686240792274475 1.4004530906677244 0.60075436532497406
leaf_count=11 2 2 2 26 4 1 1 1 6 3
internal_value=0 0.905683 -0.259952 -0.596088 0.0242468 -0.323202 0.936636 1.18268 1.48879 -0
internal_weight=0 2.80399 7.46671 4.32082 3.1459 1.91744 1.22846 1.0667 1.82492 0.979073
internal_count=59 13 46 28 18 12 6 5 8 5
shrinkage=0.0975091


Tree=6
num_leaves=10
num_cat=0
split_feature=10 5 2 4 3 6 4 3 2
split_gain=4.82281 4.40565 1.90539 1.31359 0.542624 0.598024 0.665416 0.500367 0.427685
threshold=1.0000000180025095e-35 3.5000000000000004 1.5000000000000002 94.65000000000002 480.50000000000006 87.500000000000014 80.65000000000002 653.50000000000011 2.5000000000000004
decision_type=2 2 10 2 10 2 2 10 8
left_child=1 -1 4 -4 -2 6 -6 -3 -9
right_child=2 7 3 -5 5 -7 -8 8 -10
leaf_value=0.1818558934510941 -0 -0.050299535370317672 -0.097327008901586673 0 -0 -0 0.13630216854424684 0.078650213534412844 -0
leaf_weight=1.9069235473871231 0.35976776480674721 1.1262079104781149 4.0309034064412117 1.1022811383008955 0.14873029291629791 0.19120153784751889 0.61583101749420166 0.43893940746784199 0.27130260318517685
leaf_count=9 2 7 26 6 1 1 3 2 2
internal_value=0 0.925656 -0.43607 -0.747218 0.275186 0.710134 1.05558 -0 0.305487
internal_weight=0 3.74337 6.44872 5.13318 1.31553 0.955763 0.764561 1.83645 0.710242
internal_count=59 20 39 32 7 5 4 11 4
shrinkage=0.0975091


Tree=7
num_leaves=10
num_cat=0
split_feature=1 2 8 5 3 6 1 0 2
split_gain=6.76841 2.38389 2.16412 1.74013 1.38623 1.03122 0.989492 0.696824 0.168385
threshold=536.00000000000011 3.5000000000000004 inf 8.5000000000000018 485.00000000000006 75.500000000000014 309.00000000000006 1.0000000180025095e-35 2.5000000000000004
decision_type=10 10 8 2 10 2 8 10 10
left_child=4 2 3 -2 5 -1 -7 8 -8
right_child=1 -3 -4 -5 -6 6 7 -9 -10
leaf_value=-0.060647515819391949 0.205216520075374 -0 -0 -0 -0.089888564757413886 -0.0041121756751437283 0.12146887865945825 -0 0
leaf_weight=1.4262186437845232 2.2048047780990614 0.45044074952602375 0.29897578805685032 0.1881866753101348 3.1823023557662964 0.58654506504535708 1.0358954221010206 0.20511440932750688 0.47289587557315815
leaf_count=9 10 3 2 1 22 4 5 1 2
internal_value=0 1.20831 1.56591 1.8706 -0.473941 -0 0.353836 0.795915 1.03567
internal_weight=0 3.14241 2.69197 2.39299 6.90897 3.72667 2.30045 1.71391 1.50879
internal_count=59 16 13 11 43 21 12 8 7
shrinkage=0.0975091


Tree=8
num_leaves=9
num_cat=0
split_feature=3 9 2 6 3 9 9 2
split_gain=3.54237 2.43974 2.81476 0.978801 0.865558 1.22842 0.144641 0.144288
threshold=653.50000000000011 22.839213269122052 2.5000000000000004 75.500000000000014 498.00000000000006 23.955811960305954 27.846972352797156 1.5000000000000002
decision_type=10 10 8 2 10 10 10 10
left_child=3 7 -3 -1 5 -5 -7 -2
right_child=1 2 -4 4 -6 6 -8 -9
leaf_value=-0.082732015619441171 0 0.18502952510751178 -0 -0.019956829991883866 -0.05685040558854669 0.10103131774600724 0 -0.032990188909523523
leaf_weight=2.4340780824422836 0.24960829317569755 1.7795540243387225 0.79627808183431614 0.6730319559574135 1.4426538124680517 1.0952404439449308 0.57098528742790211 0.88656381517648686
leaf_count=16 1 8 5 4 11 5 3 6
internal_value=0 0.782167 1.29403 -0.397763 -0 0.302366 0.837973 -0
internal_weight=0 3.712 2.57583 6.21599 3.78191 2.33926 1.66623 1.13617
internal_count=59 20 13 39 23 12 8 7
shrinkage=0.0975091


Tree=9
num_leaves=12
num_cat=0
split_feature=5 4 3 2 11 3 3 3 3 11 1
split_gain=2.46444 4.65382 2.68333 1.57441 1.47198 1.11185 0.843197 0.405582 0.305588 0.0215726 0.01738
threshold=7.5000000000000009 82.200000000000017 473.50000000000006 3.5000000000000004 34.000000000000007 485.00000000000006 653.50000000000011 768.50000000000011 470.00000000000006 14.000000000000002 411.00000000000006
decision_type=2 2 8 10 2 10 10 8 10 2 10
left_child=1 6 9 4 -4 8 -1 -8 -2 -3 -11
right_child=5 2 3 -5 -6 -7 7 -9 -10 10 -12
leaf_value=-0.066040371793103028 -0 -0.014159995452822786 0.19196903306778021 -0 -0 -0.071687331054897316 0.072253431078780975 -0 0.064990576699291383 -0 0.017339892314119941
leaf_weight=1.4933636710047724 0.24935113638639483 0.64901931583881367 3.2927041798830041 0.22450604289770115 0.17379815876483906 1.9092878773808475 0.41963776946067777 0.8319687843322755 0.45523308217525482 0.13356393575668335 0.17564228177070618
leaf_count=9 2 4 17 2 1 14 2 4 2 1 1
internal_value=0 0.705965 1.29944 1.65731 1.82132 -0.248835 -0.118096 0.136202 0.241236 -0 0
internal_weight=0 7.3942 4.64923 3.69101 3.4665 2.61387 2.74497 1.25161 0.704584 0.958226 0.309206
internal_count=59 41 26 20 18 18 15 6 4 6 2
shrinkage=0.0975091


Tree=10
num_leaves=12
num_cat=0
split_feature=1 6 2 3 1 9 6 2 1 2 5
split_gain=1.94827 1.76228 1.89107 1.77691 2.54242 1.47522 1.31322 0.891979 0.773747 0.914366 0.217703
threshold=568.00000000000011 77.500000000000014 1.5000000000000002 480.50000000000006 305.50000000000006 24.880309890215901 74.500000000000014 3.5000000000000004 996.50000000000011 3.5000000000000004 7.5000000000000009
decision_type=10 2 10 8 10 8 2 10 10 10 2
left_child=1 3 10 4 -1 -5 -7 -6 9 -2 -3
right_child=8 2 -4 5 7 6 -8 -9 -10 -11 -12
leaf_value=-0 0.16486086531644589 0.051497525826902465 -0.084969049768873248 -0.061828572728925654 0.19118515253850948 0.13915362669900408 -0 -0 0 -0 -0
leaf_weight=0.4521019607782345 1.3279034346342093 0.91281470656394981 2.6705895438790321 1.5004030019044878 1.2949533462524412 0.625193491578102 0.36802785098552704 0.11523673683404911 0.49340741336345662 0.1451338231563567 0.17455555498600006
leaf_count=3 6 4 18 11 6 3 3 1 2 1 1
internal_value=0 0.0221622 -0.368787 0.504635 1.15465 -0 0.72651 1.75956 1.16505 1.46249 0.310851
internal_weight=0 8.11388 3.75796 4.35592 1.86229 2.49362 0.993221 1.41019 1.96644 1.47304 1.08737
internal_count=59 50 23 27 10 17 6 7 9 7 5
shrinkage=0.0975091


Tree=11
num_leaves=10
num_cat=0
split_feature=5 6 1 1 3 3 11 3 9
split_gain=1.75129 1.77067 1.89607 1.64595 1.47139 0.869943 0.823441 0.200443 0.0632302
threshold=7.5000000000000009 79.500000000000014 290.50000000000006 996.50000000000011 653.50000000000011 485.00000000000006 22.000000000000004 470.00000000000006 30.571271647792404
decision_type=2 2 10 10 10 10 2 10 8
left_child=1 2 8 -4 -3 7 -6 -2 -1
right_child=5 4 3 -5 6 -7 -8 -9 -10
leaf_value=-0.023000533994983471 -0 -0.063081938744677865 0.14389970713985969 -0 0.09556919450177552 -0.06625846210294091 -0 0.049867074436662572 0
leaf_weight=0.76246240735054005 0.24169258028268847 1.4991956278681757 3.2853877469897275 0.24527715146541584 1.198878228664398 1.7584007456898687 0.32039950788021082 0.47356407344341278 0.23267072439193728
leaf_count=5 2 10 17 1 5 14 2 2 1
internal_value=0 0.579255 0.950589 1.2726 -0 -0.218424 0.602578 0.139569 -0
internal_weight=0 7.54427 4.5258 3.53066 3.01847 2.47366 1.51928 0.715257 0.995133
internal_count=59 41 24 18 17 18 7 4 6
shrinkage=0.0975091


Tree=12
num_leaves=8
num_cat=0
split_feature=3 0 2 6 4 6 4
split_gain=3.70624 2.57222 0.791265 0.895934 0.553765 0.35313 0.3003
threshold=719.50000000000011 1.0000000180025095e-35 1.0000000180025095e-35 89.500000000000014 90.450000000000017 86.500000000000014 97.250000000000014
decision_type=8 10 10 2 2 2 2
left_child=1 5 -2 4 -4 -1 -3
right_child=2 6 3 -5 -6 -7 -8
leaf_value=-0.07790300767769269 -0 0.081969830822974044 0.15415044467207034 -0 0 -0 -0
leaf_weight=5.8049037083983412 0.20181921124458435 0.79704238474369027 1.395868048071861 0.18596981465816487 0.36301010847091664 0.75500176101922978 0.13147452473640442
leaf_count=39 1 4 6 1 2 5 1
internal_value=0 -0.443399 0.930443 1.13239 1.34692 -0.719625 0.636221
internal_weight=0 7.48842 2.14667 1.94485 1.75888 6.55991 0.928517
internal_count=59 49 10 9 8 44 5
shrinkage=0.0975091


Tree=13
num_leaves=8
num_cat=0
split_feature=3 9 0 5 5 6 7
split_gain=3.03708 2.3196 2.26795 0.773158 0.301707 0.395038 0.00312078
threshold=719.50000000000011 26.372463646728203 1.0000000180025095e-35 1.5000000000000002 11.500000000000002 76.500000000000014 1.0000000180025095e-35
decision_type=8 10 10 2 2 2 2
left_child=2 -2 3 6 5 -4 -1
right_child=1 -3 4 -5 -6 -7 -8
leaf_value=0.0024913024683870938 0.13965659784978732 -0.00591548174948837 -0 -0.083229068548169943 -0 0.10170925800903116 -0.0049345523346944866
leaf_weight=0.83426247537135967 1.6222026199102413 0.54990138113498677 0.13147452473640431 4.9358796700835228 0.14253880083560944 0.67154087126255035 0.53666903078556061
leaf_count=4 7 3 1 37 1 3 3
internal_value=0 0.835795 -0.40778 -0.680675 0.577957 0.794248 -0
internal_weight=0 2.1721 7.25237 6.30681 0.945554 0.803015 1.37093
internal_count=59 10 49 44 5 4 7
shrinkage=0.0975091


Tree=14
num_leaves=10
num_cat=0
split_feature=5 11 1 9 9 11 11 6 1
split_gain=2.3033 2.03153 0.892744 0.798828 0.794372 0.710155 0.565941 0.489824 0.320371
threshold=1.5000000000000002 1.0000000180025095e-35 652.00000000000011 24.585111694086553 19.773614146084807 56.000000000000007 6.0000000000000009 86.500000000000014 337.50000000000006
decision_type=2 2 10 10 8 2 2 2 8
left_child=4 3 -3 7 -1 6 -6 -2 -8
right_child=1 2 -4 -5 5 -7 8 -9 -10
leaf_value=-0 0.11684793840582912 -0.082773906846572848 0 -0 -0 -0 0 -0 0.13166464659404342
leaf_weight=0.33024521172046695 0.67822621762752511 4.9547933712601662 0.24904033541679368 0.41509600728750234 0.14801634848117906 0.20510913431644429 0.48204502463340793 0.13446405529975891 1.5787761509418485
leaf_count=2 3 38 1 3 1 1 2 1 7
internal_value=0 -0.408905 -0.726895 0.372519 0.612422 0.8393 1.01751 0.927628 1.15356
internal_weight=0 6.43162 5.20383 1.22779 2.74419 2.41395 2.20884 0.81269 2.06082
internal_count=59 46 39 7 13 11 10 4 9
shrinkage=0.0975091


Tree=15
num_leaves=10
num_cat=0
split_feature=5 11 7 0 3 2 6 6 11
split_gain=2.72015 1.34704 1.06664 0.812744 1.02454 0.664481 0.603148 0.12101 0.000158259
threshold=5.5000000000000009 18.000000000000004 1.5000000000000002 1.0000000180025095e-35 793.00000000000011 3.5000000000000004 74.500000000000014 79.500000000000014 6.0000000000000009
decision_type=2 2 2 10 10 10 2 2 2
left_child=1 5 3 4 -2 6 -1 -3 -5
right_child=2 7 -4 8 -6 -7 -8 -9 -10
leaf_value=-0 -0.093696802754714606 0 0.032188831871421623 0.0015971637076600707 0 -0 0.11369665629060648 -0.03293070459055019 -0
leaf_weight=0.15259099006652954 4.0760599374771118 0.34362722188234307 0.13285972177982319 0.21591782569885243 0.24904033541679368 0.1858760714530944 2.6230445802211761 0.68703047931194317 0.25896123051643366
leaf_count=1 34 2 1 1 1 1 12 4 2
internal_value=0 0.578265 -0.487299 -0.662601 -0.810165 0.917372 1.04986 -0 0
internal_weight=0 3.99217 4.93284 4.79998 4.3251 2.96151 2.77564 1.03066 0.474879
internal_count=59 20 39 38 35 14 13 6 3
shrinkage=0.0975091


Tree=16
num_leaves=10
num_cat=0
split_feature=5 11 4 4 2 3 0 1 11
split_gain=2.13463 1.12418 1.29418 0.977604 0.814569 0.7622 0.971177 0.18212 0.000147127
threshold=5.5000000000000009 18.000000000000004 62.250000000000007 98.200000000000017 3.5000000000000004 793.00000000000011 1.0000000180025095e-35 619.50000000000011 6.0000000000000009
decision_type=2 2 2 2 10 10 10 10 2
left_child=1 2 -1 5 -4 6 -2 -3 -8
right_child=3 7 4 -5 -6 -7 8 -9 -10
leaf_value=-0 -0.090711671837158947 -0.038629726377211501 0.11986766191484269 0.031176032413570382 -0 0 0.0015398028127117643 0 -0
leaf_weight=0.24574151635170061 3.8246947079896927 0.7864328548312185 2.5328958481550221 0.1358007788658141 0.1858760714530944 0.24904033541679368 0.21604508161544789 0.23510493338108063 0.25896123051643366
leaf_count=1 34 5 12 1 1 1 1 1 2
internal_value=0 0.515766 0.827132 -0.438983 1.07562 -0.621311 -0.754772 -0 0
internal_weight=0 3.98605 2.96451 4.68454 2.71877 4.54874 4.2997 1.02154 0.475006
internal_count=59 20 14 39 13 38 37 6 3
shrinkage=0.0975091


Tree=17
num_leaves=13
num_cat=0
split_feature=5 5 6 7 0 6 1 9 9 6 1 11
split_gain=1.6352 0.953252 1.79557 0.891159 0.701035 0.606385 0.576424 0.0693138 0.0841054 0.0525403 0.0128164 0.000136779
threshold=5.5000000000000009 2.5000000000000004 78.500000000000014 1.5000000000000002 1.0000000180025095e-35 73.500000000000014 327.50000000000006 23.368859836368753 21.834525255017201 78.500000000000014 996.50000000000011 6.0000000000000009
decision_type=2 2 2 2 10 2 10 10 10 2 10 2
left_child=1 7 6 4 5 -2 -3 8 -1 -9 -4 -6
right_child=3 2 10 -5 11 -7 -8 9 -10 -11 -12 -13
leaf_value=0 0 -0 -0.01107620060084802 0.030187465283639827 0.0014845074029767292 -0.086281918439598634 0.15014002832953974 -0 -0.040942808834239335 0.023196855484261071 0 -0
leaf_weight=0.38692247867584251 0.52291890978813205 0.10539710521698031 0.61932622641324986 0.13867413997650135 0.2161675989627837 3.315551683306694 1.4064604043960569 0.16407705843448639 0.49509631097316736 0.55796428024768829 0.24370065331459043 0.25896123051643366
leaf_count=2 4 1 4 1 1 31 6 1 2 3 1 2
internal_value=0 0.453657 0.820172 -0.391401 -0.580825 -0.73609 1.39021 -0 -0.234579 0.0135265 -0 0
internal_weight=0 3.97894 2.37488 4.45227 4.3136 3.83847 1.51186 1.60406 0.882019 0.722041 0.863027 0.475129
internal_count=59 20 12 39 38 35 7 8 4 4 5 3
shrinkage=0.0975091


Tree=18
num_leaves=8
num_cat=0
split_feature=11 3 3 3 6 4 4
split_gain=1.20275 0.768668 2.25937 1.5978 0.912484 0.251056 0.15663
threshold=18.000000000000004 508.50000000000006 742.50000000000011 470.00000000000006 78.500000000000014 88.450000000000017 78.850000000000009
decision_type=2 10 10 10 2 2 2
left_child=1 3 -3 6 -5 -4 -1
right_child=-2 2 5 4 -6 -7 -8
leaf_value=0 -0.070219262406421706 -0.080131623168500365 0.079332159930627449 0.13592136780103858 -0 -0 -0.034466637250973896
leaf_weight=0.24368841946125053 1.8957372754812238 2.1346461847424512 0.92101508378982533 1.3154245615005491 0.57695401459932316 0.33583380281925201 0.88264057040214539
leaf_count=1 19 17 4 7 3 2 6
internal_value=0 0.0813272 -0.104203 0.477223 1.02263 0.609645 -0.0157412
internal_weight=0 6.4102 3.3915 3.01871 1.89238 1.25685 1.12633
internal_count=59 40 23 17 10 6 7
shrinkage=0.0975091


Tree=19
num_leaves=9
num_cat=0
split_feature=1 3 4 3 9 1 4 1
split_gain=1.12099 2.79413 1.03375 0.742801 0.319867 0.196627 0.224526 0.00466385
threshold=349.50000000000006 742.50000000000011 89.450000000000017 470.00000000000006 21.698480395006605 549.50000000000011 88.450000000000017 334.50000000000006
decision_type=10 10 2 10 10 10 2 10
left_child=2 -2 3 -1 7 -3 -7 -4
right_child=1 5 4 -5 -6 6 -8 -9
leaf_value=-0 -0.092093936938994245 -0 -0 0.10424643254943415 -0.047164689001867995 0.074369033334821547 -0 0.0088002100483720348
leaf_weight=0.67559950798750001 3.3345093913376331 0.13661152124404896 0.11888680607080448 1.4338353425264356 1.0094829387962816 0.91208085417747486 0.33583380281925201 0.19863948225975039
leaf_count=4 31 1 1 7 8 4 2 1
internal_value=0 -0.406313 0.277533 0.730011 -0.0472904 0.431177 0.568162 0
internal_weight=0 4.71904 3.43644 2.10943 1.32701 1.38453 1.24791 0.317526
internal_count=59 38 21 11 10 7 6 2
shrinkage=0.0975091


Tree=20
num_leaves=10
num_cat=0
split_feature=11 1 3 4 6 1 4 4 3
split_gain=0.938467 0.572912 1.79036 0.733328 0.575701 0.420525 0.201411 0.0873761 0.00434705
threshold=18.000000000000004 349.50000000000006 742.50000000000011 89.450000000000017 72.500000000000014 239.50000000000003 88.450000000000017 96.200000000000017 582.50000000000011
decision_type=2 10 10 2 2 8 2 2 10
left_child=1 3 -3 4 -1 -6 -4 -5 -9
right_child=-2 2 6 7 5 -7 -8 8 -10
leaf_value=-0 -0.064180505841800919 -0.07415109132655695 0.069821184918328796 -0.027798455910913508 -0 0.10278608412567908 -0 0.0084902090515502557 -0
leaf_weight=0.19481004774570543 1.7205625586211679 1.9704029560089114 0.90164381265640237 0.70112435519695271 0.12724637985229459 1.7148043364286423 0.33583380281925201 0.19943031668663025 0.098285883665084853
leaf_count=1 19 17 4 5 1 8 2 1 1
internal_value=0 0.0742397 -0.0708554 0.416472 0.741279 0.926063 0.529982 -0 0
internal_weight=0 6.24358 3.20788 3.0357 2.03686 1.84205 1.23748 0.998841 0.297716
internal_count=59 40 23 17 10 9 6 7 2
shrinkage=0.0975091


Tree=21
num_leaves=9
num_cat=0
split_feature=1 1 9 6 3 4 9 6
split_gain=2.54027 1.43732 1.74597 0.795999 0.69324 0.661803 0.40345 0.212522
threshold=362.00000000000006 770.00000000000011 23.273396940761852 82.500000000000014 473.50000000000006 98.200000000000017 21.834525255017201 73.500000000000014
decision_type=10 10 10 2 10 2 10 2
left_child=-1 2 5 4 -4 -2 -3 -6
right_child=1 6 3 -5 7 -7 -8 -9
leaf_value=-0.090889964787722613 -0.057207039937513499 0 -0 -0 -0 0.03628161478174001 -0.088685429804473706 0.12527188015174831
leaf_weight=2.7026146575808525 1.4003671444952486 0.48035541176795937 0.17416209727525789 0.70265465602278698 0.049844946712255811 0.12102726101875294 0.70635266602039337 2.3341918177902699
leaf_count=18 13 2 2 5 1 1 3 14
internal_value=0 0.120696 0.449007 0.872662 1.1025 -0.0959401 -0.560438 1.24242
internal_weight=0 5.96896 4.78225 3.26085 2.5582 1.52139 1.18671 2.38404
internal_count=59 41 36 22 17 14 5 15
shrinkage=0.0975091


Tree=22
num_leaves=11
num_cat=0
split_feature=11 3 4 4 2 3 7 3 9 4
split_gain=2.25616 0.881211 0.962329 0.757329 0.632057 0.518627 0.381596 0.365044 0.216112 0.160645
threshold=30.000000000000004 793.00000000000011 95.250000000000014 85.850000000000009 2.5000000000000004 439.50000000000006 1.0000000180025095e-35 1101.5000000000002 23.368859836368753 82.200000000000017
decision_type=2 10 2 2 10 10 2 10 10 2
left_child=1 2 6 -2 5 -5 9 8 -3 -1
right_child=3 7 -4 4 -6 -7 -8 -9 -10 -11
leaf_value=0 -0 -0 0 -0 -0 0.14592718435102284 -0.10245987659689515 -0.0366071364238389 0.053319456183816331 -0.034341115444756397
leaf_weight=1.0406291522085664 0.25441712886095041 0.15852636098861683 0.37488852068781842 0.10138666629791238 0.16280938312411297 0.91051193326711644 2.9913504272699356 0.46507133543491352 1.1741742938756941 0.92125510796904564
leaf_count=8 2 1 3 1 3 5 20 2 6 8
internal_value=0 -0.445812 -0.644943 0.732994 1.05573 1.30445 -0.791118 0 0.380268 -0.00141949
internal_weight=0 7.1259 5.32812 1.42913 1.17471 1.0119 4.95323 1.79777 1.3327 1.96188
internal_count=59 48 39 11 9 6 36 9 7 16
shrinkage=0.0975091


Tree=23
num_leaves=11
num_cat=0
split_feature=1 11 1 11 3 11 1 11 9 9
split_gain=2.02741 1.37593 0.736954 0.700687 0.637228 0.315911 0.308266 0.53354 0.267827 0.170346
threshold=362.00000000000006 30.000000000000004 389.00000000000006 56.000000000000007 793.00000000000011 10.000000000000002 770.00000000000011 22.000000000000004 20.652286124436952 25.596833488864153
decision_type=10 2 10 2 10 2 10 2 8 10
left_child=-1 2 5 -3 8 -2 7 -6 -4 -7
right_child=1 3 4 -5 6 9 -8 -9 -10 -11
leaf_value=-0.084269812294951757 -0 0.12019888203008527 -0 -0 0.071475438842970751 0.098039645438285999 -0.034640132460539132 -0 -0.080012188518037097 -0
leaf_weight=2.4836575202643871 0.15760427713394154 1.0232515931129453 0.69034128636121772 0.17532654106616963 0.9957456737756728 0.39408507943153376 0.46480268239974959 0.33006751537322998 1.6483744047582147 0.059804491698741913
leaf_count=18 2 7 5 1 5 2 2 2 14 1
internal_value=0 0.0944586 -0.0438518 0.951073 -0.31843 0.542633 0 0.345083 -0.63501 0.855636
internal_weight=0 5.9394 4.74083 1.19858 4.12933 0.611494 1.79062 1.32581 2.33872 0.45389
internal_count=59 41 33 8 28 5 9 7 19 3
shrinkage=0.0975091


Tree=24
num_leaves=4
num_cat=0
split_feature=5 3 3
split_gain=4.85373 1.43231 0.239817
threshold=3.5000000000000004 473.50000000000006 807.50000000000011
decision_type=2 8 10
left_child=1 -1 -2
right_child=2 -3 -4
leaf_value=-0 -0.088761180907721171 0.1083609529254964 -0
leaf_weight=0.45074241608381305 3.9130534157156944 2.1657263413071632 0.6428094059228896
leaf_count=3 42 11 3
internal_value=0 0.754888 -0.819713
internal_weight=0 2.61647 4.55586
internal_count=59 14 45
shrinkage=0.0975091


Tree=25
num_leaves=4
num_cat=0
split_feature=5 3 3
split_gain=4.16218 1.27044 0.216897
threshold=3.5000000000000004 473.50000000000006 807.50000000000011
decision_type=2 8 10
left_child=1 -1 -2
right_child=2 -3 -4
leaf_value=-0 -0.086077533286531033 0.099493542374862673 -0
leaf_weight=0.45074241608381305 3.6657745279371738 2.1622049361467361 0.6428094059228896
leaf_count=3 42 11 3
internal_value=0 0.677252 -0.791186
internal_weight=0 2.61295 4.30858
internal_count=59 14 45
shrinkage=0.0975091


Tree=26
num_leaves=4
num_cat=0
split_feature=5 1 6
split_gain=3.57391 1.08331 0.00642944
threshold=3.5000000000000004 568.00000000000011 73.500000000000014
decision_type=2 8 2
left_child=1 2 -1
right_child=-2 -3 -4
leaf_value=0 -0.074436634555961098 0.1017879681227441 -0.007905257364501388
leaf_weight=0.37178044021129641 4.0788362435996532 1.6277806162834165 0.60425048321485519
leaf_count=2 45 8 4
internal_value=0 0.607223 -0
internal_weight=0 2.60381 0.976031
internal_count=59 14 6
shrinkage=0.0975091


Tree=27
num_leaves=10
num_cat=0
split_feature=9 1 9 1 5 1 3 5 1
split_gain=0.950411 2.03348 1.38579 0.906053 0.842575 0.777372 0.550248 0.193853 0.0735808
threshold=22.973783576500903 417.00000000000006 28.283900408551403 290.50000000000006 1.5000000000000002 290.50000000000006 498.00000000000006 8.5000000000000018 743.00000000000011
decision_type=8 10 10 8 2 10 10 2 10
left_child=1 3 4 -1 -2 -4 -5 -7 -3
right_child=2 8 5 6 -6 7 -8 -9 -10
leaf_value=-0 0 -0.024447452495774492 -0 0.17375008898370101 -0.070837094449836893 0.11530746956082505 -0 -0 0
leaf_weight=0.17086790874600422 0.34991985559463534 0.79658689349889733 0.27575760334730137 1.0002896338701246 3.2290803678333759 0.61352372169494629 0.085424598306417562 0.053141888231039047 0.21398650109767917
leaf_count=3 2 9 2 5 31 3 2 1 1
internal_value=0 0.57513 -0.130055 1.33525 -0.517577 0.557846 1.61627 1.06803 -0
internal_weight=0 2.26716 4.52142 1.25658 3.579 0.942423 1.08571 0.666666 1.01057
internal_count=59 20 39 10 33 6 7 4 10
shrinkage=0.0975091


Tree=28
num_leaves=12
num_cat=0
split_feature=2 2 5 6 11 6 5 9 1 3 11
split_gain=1.05183 1.10665 1.47379 0.792707 0.690732 0.358719 0.248677 0.0767996 0.154389 0.0359042 0.0108765
threshold=1.5000000000000002 2.5000000000000004 2.5000000000000004 77.500000000000014 18.000000000000004 87.500000000000014 10.500000000000002 20.652286124436952 327.50000000000006 807.50000000000011 6.0000000000000009
decision_type=8 10 2 2 2 2 2 10 8 10 2
left_child=5 2 7 4 10 6 -1 -2 -9 -5 -3
right_child=1 3 -4 9 -6 -7 -8 8 -10 -11 -12
leaf_value=0.12175337528152243 -0 0 -0.085225404079953784 -0.017662910620317489 -0 -0 -0 -0 0.044111004734232226 0 0.13293772219385383
leaf_weight=0.68716464936733235 0.17539221048355125 0.31559266149997733 2.5967341065406799 0.72027942165732373 0.2174273319542408 0.10694332420825958 0.063194923102855682 0.15614823997020719 0.793506920337677 0.24868574738502505 0.59895600378513336
leaf_count=4 1 2 29 8 4 1 1 1 4 1 3
internal_value=0 -0.0415294 -0.442869 0.356208 0.857272 0.922139 1.11816 0.0718024 0.252708 -0 1.1811
internal_weight=0 5.82272 3.72178 2.10094 1.13198 0.857303 0.75036 1.12505 0.949655 0.968965 0.914549
internal_count=59 53 35 18 9 6 5 6 5 9 5
shrinkage=0.0975091


Tree=29
num_leaves=10
num_cat=0
split_feature=3 9 0 5 6 3 3 5 4
split_gain=0.71013 1.29369 1.11889 0.544244 0.441914 0.29879 0.251431 0.08873 0.0534697
threshold=504.50000000000006 23.136666812127753 1.0000000180025095e-35 10.500000000000002 78.500000000000014 502.50000000000006 492.50000000000006 9.5000000000000018 94.65000000000002
decision_type=10 10 10 2 2 10 10 2 2
left_child=1 3 8 4 6 -3 -1 -4 -2
right_child=2 5 7 -5 -6 -7 -8 -9 -10
leaf_value=0.14252620760606516 -0.057805454998660216 -0.042495404959758433 0.053492128497418787 -0 0 0.016497856866102507 -0 -0 -0
leaf_weight=1.1074972301721575 2.5529631376266488 1.116008974611759 0.67726489901542652 0.16682803258299816 0.44269411265850056 0.17799465358257285 0.050128143280744442 0.066962949931621552 0.21532648429274548
leaf_count=6 28 11 3 3 2 1 1 1 3
internal_value=0 0.429549 -0.146924 0.948811 1.11892 -0 1.37927 0.45119 -0.55708
internal_weight=0 3.06115 3.51252 1.76715 1.60032 1.294 1.15763 0.744228 2.76829
internal_count=59 24 35 12 9 12 7 4 31
shrinkage=0.0975091


Tree=30
num_leaves=7
num_cat=0
split_feature=6 1 11 9 2 8
split_gain=3.18448 1.43191 1.24209 0.43488 0.235015 0.21941
threshold=76.500000000000014 309.00000000000006 22.000000000000004 21.090087275982153 3.5000000000000004 inf
decision_type=2 8 2 10 10 8
left_child=-1 -2 3 -3 5 -5
right_child=1 2 -4 4 -6 -7
leaf_value=-0.077502593707541007 -0 -0 -0 0.13089748161565487 -0 -0
leaf_weight=1.584252532571554 0.60076107457280148 0.10556214302778322 0.782104432582855 2.7550469338893899 0.053629908710718051 0.048290330916643032
leaf_count=22 7 2 9 17 1 1
internal_value=0 0.663144 0.922809 1.19309 1.26672 1.306
internal_weight=0 4.34539 3.74463 2.96253 2.85697 2.80334
internal_count=59 37 30 21 19 18
shrinkage=0.0975091


Tree=31
num_leaves=6
num_cat=0
split_feature=6 5 1 9 8
split_gain=2.66099 2.78257 0.779382 0.365309 0.308079
threshold=76.500000000000014 5.5000000000000009 267.00000000000006 28.283900408551403 inf
decision_type=2 2 8 10 8
left_child=-1 2 -2 -3 -4
right_child=1 3 4 -5 -6
leaf_value=-0.074462093691954334 -0 -0.047610568464517472 0.13395515174290198 0 -0
leaf_weight=1.50735767185688 0.1783351078629497 1.3097491376101968 2.5232629925012593 0.24662019312381733 0.065405808389186748
leaf_count=22 2 20 13 1 1
internal_value=0 0.589763 1.18092 -0.136746 1.31969
internal_weight=0 4.32337 2.767 1.55637 2.58867
internal_count=59 37 16 21 14
shrinkage=0.0975091


Tree=32
num_leaves=7
num_cat=0
split_feature=6 5 9 8 9 9
split_gain=2.29245 2.36506 0.332018 0.239873 0.245134 0.1348
threshold=76.500000000000014 5.5000000000000009 28.283900408551403 inf 21.090087275982153 27.846972352797156
decision_type=2 2 10 8 10 10
left_child=-1 3 -3 4 -2 -6
right_child=1 2 -4 -5 5 -7
leaf_value=-0.071460062922913667 -0 -0.04534699763515497 0 -0 0.12491428304456574 0
leaf_weight=1.4368454627692697 0.063317626714707198 1.262154374271631 0.24662019312381733 0.065405808389186748 2.2607183679938321 0.31264985352754582
leaf_count=22 1 20 1 1 12 2
internal_value=0 0.544783 -0.107686 1.09733 1.14453 1.19217
internal_weight=0 4.21087 1.50877 2.70209 2.63669 2.57337
internal_count=59 37 21 16 15 14
shrinkage=0.0975091


Tree=33
num_leaves=9
num_cat=0
split_feature=6 2 2 5 3 3 3 4
split_gain=3.65977 2.08817 0.73153 0.628541 0.334392 0.160782 0.0366025 0.0182186
threshold=79.500000000000014 2.5000000000000004 1.0000000180025095e-35 9.5000000000000018 439.50000000000006 971.50000000000011 485.00000000000006 89.700000000000017
decision_type=2 8 10 2 10 10 8 2
left_child=1 3 -2 4 -1 -4 7 -3
right_child=2 6 5 -5 -6 -7 -8 -9
leaf_value=0 0 0.017772998763965729 -0.077566953535258526 -0 0.14991358568633356 0 -0.017949676044185566 -0
leaf_weight=0.29047514125704843 0.24662019312381775 0.17442682385444608 1.7723393142223356 0.12949274294078339 2.7223284617066383 0.071661628782749065 0.70620213449001323 0.18886723741889
leaf_count=3 1 1 20 3 19 1 8 3
internal_value=0 0.964685 -0.434764 1.34445 1.43605 -0.734751 -0 0
internal_weight=0 4.21179 2.09062 3.1423 3.0128 1.844 1.0695 0.363294
internal_count=59 37 22 25 22 21 12 4
shrinkage=0.0975091


Tree=34
num_leaves=9
num_cat=0
split_feature=6 1 2 4 2 5 1 5
split_gain=2.93188 2.21107 1.82042 0.883964 0.678767 0.48631 0.151982 0.0322148
threshold=79.500000000000014 309.00000000000006 2.5000000000000004 74.90000000000002 1.0000000180025095e-35 9.5000000000000018 743.00000000000011 2.5000000000000004
decision_type=2 10 10 2 10 2 10 2
left_child=1 7 3 -3 -2 -5 -6 -1
right_child=4 2 -4 5 6 -7 -8 -9
leaf_value=0 0 -0 -0 0.16148598517616117 -0.07436315604550281 -0 0 -0.0169000847743929
leaf_weight=0.17542360723018635 0.24662019312381775 0.15396464243531305 0.38492328673601134 2.8433989994227891 1.688815504312515 0.080516496673226245 0.071661628782749065 0.69847011938691139
leaf_count=1 1 2 6 18 20 2 1 8
internal_value=0 0.852376 1.21174 1.4695 -0.393646 1.59006 -0.700621 -0
internal_weight=0 4.3367 3.4628 3.07788 2.0071 2.92392 1.76048 0.873894
internal_count=59 37 28 22 22 20 21 9
shrinkage=0.0975091


Tree=35
num_leaves=10
num_cat=0
split_feature=6 1 2 2 11 5 1 5 11
split_gain=2.27603 1.78742 1.51325 0.628023 0.430501 0.459819 0.143551 0.0284808 0.00251878
threshold=79.500000000000014 309.00000000000006 2.5000000000000004 1.0000000180025095e-35 6.0000000000000009 9.5000000000000018 743.00000000000011 2.5000000000000004 1.0000000180025095e-35
decision_type=2 10 10 10 2 2 10 2 2
left_child=1 7 4 -2 8 -6 -5 -1 -3
right_child=3 2 -4 6 5 -7 -8 -9 -10
leaf_value=0 0 0.0050454430434778291 -0 -0.07123591235645356 0.15599298915945911 -0 0 -0.015948398816876957 -0
leaf_weight=0.17542360723018635 0.24662019312381733 0.5668106675148018 0.38492328673601134 1.611427756026387 2.2875859588384633 0.080516496673226245 0.071661628782749065 0.69069578871130943 0.2692534513771534
leaf_count=1 1 3 6 20 13 2 1 8 4
internal_value=0 0.736666 1.05466 -0.353611 1.28642 1.52199 -0.667334 -0 0
internal_weight=0 4.45521 3.58909 1.92971 3.20417 2.3681 1.68309 0.866119 0.836064
internal_count=59 37 28 22 22 15 21 9 7
shrinkage=0.0975091


Tree=36
num_leaves=13
num_cat=0
split_feature=1 1 3 3 9 4 1 1 1 6 11 11
split_gain=2.56345 2.55373 1.56577 1.58682 0.770819 0.887898 0.475689 0.440065 0.413699 0.188419 0.119748 0.0252663
threshold=349.50000000000006 290.50000000000006 504.50000000000006 470.00000000000006 24.880309890215901 94.65000000000002 698.50000000000011 619.50000000000011 402.00000000000006 83.500000000000014 44.000000000000007 14.000000000000002
decision_type=8 10 10 10 10 2 10 10 8 2 2 2
left_child=1 -1 3 -3 5 7 8 -2 -6 10 -10 -8
right_child=4 2 -4 -5 6 -7 11 -9 9 -11 -12 -13
leaf_value=-0 -0.089577866077403465 -0 -0 0.22441587444726052 -0 0 -0.019422629875748134 0 0.088642013931270025 -0 -0 0
leaf_weight=0.52564851194620166 2.2286585308611402 0.16050824522972096 0.21247534453868852 1.1965181380510328 0.23869311809539759 0.40052293241024006 0.37750917673110951 0.16776436567306507 1.0934090763330457 0.081379033625125982 0.045701090246438869 0.080395705997943878
leaf_count=7 22 1 2 6 5 3 2 2 5 2 1 1
internal_value=0 1.02857 1.63038 1.97205 -0.151829 -0.523347 0.0925456 -0.796233 0.517413 0.753165 0.849879 -0.0739467
internal_weight=0 2.09515 1.5695 1.35703 4.71403 2.79695 1.91709 2.39642 1.45918 1.22049 1.13911 0.457905
internal_count=59 16 9 7 43 27 16 24 13 8 6 3
shrinkage=0.0975091


Tree=37
num_leaves=13
num_cat=0
split_feature=1 1 3 3 9 4 1 1 1 6 11 11
split_gain=1.95627 2.09154 1.27659 1.28952 0.617274 0.818246 0.414004 0.397377 0.374255 0.172825 0.110373 0.0234561
threshold=349.50000000000006 290.50000000000006 504.50000000000006 470.00000000000006 24.880309890215901 94.65000000000002 619.50000000000011 698.50000000000011 402.00000000000006 83.500000000000014 44.000000000000007 14.000000000000002
decision_type=8 10 10 10 10 2 10 10 8 2 2 2
left_child=1 -1 3 -3 5 6 -2 8 -6 10 -10 -9
right_child=4 2 -4 -5 7 -7 -8 11 9 -11 -12 -13
leaf_value=-0 -0.085799109784432226 -0 -0 0.19425828123763444 -0 0 0 -0.018485934663397919 0.083341740836471043 -0 -0 0
leaf_weight=0.52564851194620166 2.121849700808526 0.16050824522972096 0.21247534453868852 1.2995797693729398 0.23869311809539759 0.40052293241024006 0.16776436567306507 0.37693980336189253 1.074299097061157 0.081379033625125982 0.045701090246438869 0.080395705997943878
leaf_count=7 22 1 2 6 5 3 2 2 5 2 1 1
internal_value=0 0.87835 1.41126 1.70835 -0.134321 -0.478002 -0.755011 0.0542661 0.469891 0.701302 0.796428 -0.0651837
internal_weight=0 2.19821 1.67256 1.46009 4.58754 2.69014 2.28961 1.89741 1.44007 1.20138 1.12 0.457336
internal_count=59 16 9 7 43 27 24 16 13 8 6 3
shrinkage=0.0975091


Tree=38
num_leaves=10
num_cat=0
split_feature=5 1 1 4 8 5 5 9 1
split_gain=2.33479 1.66157 1.20354 0.984143 0.552734 0.524286 0.170702 0.150453 0.0639264
threshold=5.5000000000000009 354.50000000000006 290.50000000000006 94.65000000000002 1.0000000180025095e-35 11.500000000000002 6.5000000000000009 29.560480407136357 568.00000000000011
decision_type=2 10 10 2 10 2 2 10 10
left_child=3 2 -2 4 7 -4 8 -1 -3
right_child=1 6 5 -5 -6 -7 -8 -9 -10
leaf_value=-0.082307337625720026 -0 -0 0.17163528204901748 0.023754094643526728 0 -0 -0.025664713464405572 -0 0.040171613423386959
leaf_weight=2.4723222479224218 0.22568017244339025 0.074553804472088592 1.3725539147853849 0.50693411380052555 0.21915628015995012 0.079443916678428539 0.93898969702422608 0.37522472441196431 0.47254140675067902
leaf_count=19 5 2 6 3 1 1 18 2 2
internal_value=0 0.755978 1.3399 -0.315494 -0.620517 1.63596 -0 -0.763421 0.294248
internal_weight=0 3.16376 1.67768 3.57364 3.0667 1.452 1.48608 2.84755 0.547095
internal_count=59 34 12 25 22 7 22 21 4
shrinkage=0.0975091


Tree=39
num_leaves=10
num_cat=0
split_feature=4 4 4 2 2 11 1 9 1
split_gain=0.582817 1.50691 0.434226 0.540714 0.247943 0.267001 0.173048 0.22419 0.154657
threshold=75.550000000000026 84.450000000000017 91.200000000000017 1.0000000180025095e-35 1.0000000180025095e-35 22.000000000000004 290.50000000000006 22.541173137485554 619.50000000000011
decision_type=2 2 2 10 10 2 10 8 10
left_child=-1 4 3 -3 -2 -6 -4 -8 -5
right_child=1 2 6 8 5 -7 7 -9 -10
leaf_value=-0.050858674431673932 -0 0 -0 -0.065876616469295976 0.11783732402915831 -0 0.075701277216564847 -0 -0
leaf_weight=1.0561886578798292 0.072468593716621274 0.24406382441520724 0.200637862086296 1.8767491504549982 1.1431515365839002 0.071179507300257572 0.4548663608729836 0.60319883376359951 0.71952690929174412
leaf_count=8 1 1 3 23 5 2 3 9 4
internal_value=0 0.183409 -0 -0.321344 1.01194 1.10764 0.250331 0.438505 -0.542025
internal_weight=0 5.38584 4.09904 2.84034 1.2868 1.21433 1.2587 1.05807 2.59628
internal_count=59 51 43 28 8 7 15 12 27
shrinkage=0.0975091


Tree=40
num_leaves=8
num_cat=0
split_feature=0 2 2 1 6 1 1
split_gain=0.495726 1.12784 0.614176 0.578258 0.483105 0.238871 0.0833231
threshold=1.0000000180025095e-35 1.5000000000000002 3.5000000000000004 581.50000000000011 80.500000000000014 438.50000000000006 309.00000000000006
decision_type=8 10 8 10 2 10 10
left_child=1 5 4 -3 -2 6 -1
right_child=2 3 -4 -5 -6 -7 -8
leaf_value=-0 0.093969249210314978 -0.072850737994631307 -0 0 -0 -0 0.066819126017019725
leaf_weight=0.046230386942624817 1.2581154108047479 2.3489577248692517 0.29424361884593975 1.1770023629069326 0.16601584851741802 0.16794310510158539 0.87328629195690144
leaf_count=1 7 35 2 7 1 2 4
internal_value=0 -0.12448 0.447202 -0.491374 0.757818 0.424613 0.623202
internal_weight=0 4.61342 1.71837 3.52596 1.42413 1.08746 0.919517
internal_count=59 49 10 42 8 7 5
shrinkage=0.0975091


Tree=41
num_leaves=11
num_cat=0
split_feature=4 4 2 0 4 1 2 11 4 4
split_gain=0.492308 1.14446 0.315364 0.454067 0.330591 0.214875 0.211227 0.212388 0.00119814 0.0189286
threshold=75.550000000000026 84.450000000000017 1.5000000000000002 1.0000000180025095e-35 89.450000000000017 619.50000000000011 1.0000000180025095e-35 22.000000000000004 91.200000000000017 95.250000000000014
decision_type=2 2 10 10 2 10 10 2 2 2
left_child=-1 6 4 5 -3 -4 -2 -8 -5 -10
right_child=1 2 3 8 -6 -7 7 -9 9 -11
leaf_value=-0.046976655163143664 -0 -0 -0.060921095483128546 -0 0.072230335252817954 -0 0.10460759447649452 -0 0.015393196618928786 -0
leaf_weight=1.0158012658357618 0.072468593716621274 0.19222633540630371 1.8407311011105782 0.14503879845142351 0.44688704609870911 0.78976231068372704 1.1360149085521696 0.066550798714160808 0.43365979194641113 0.085793830454349504
leaf_count=8 1 1 30 2 2 5 5 2 2 1
internal_value=0 0.174366 -0 -0.230861 0.343911 -0.46499 0.892735 0.983663 0 0.0366208
internal_weight=0 5.20913 3.9341 3.29499 0.639113 2.63049 1.27503 1.20257 0.664492 0.519454
internal_count=59 51 43 40 3 35 8 7 5 3
shrinkage=0.0975091


Tree=42
num_leaves=13
num_cat=0
split_feature=1 6 10 1 4 4 2 5 6 5 1 1
split_gain=1.73041 0.968498 0.978424 0.667083 0.624236 0.627207 0.641931 0.267684 0.106799 0.090316 0.00351688 0.00254436
threshold=770.00000000000011 79.500000000000014 1.0000000180025095e-35 290.50000000000006 74.90000000000002 97.250000000000014 3.5000000000000004 1.5000000000000002 72.500000000000014 10.500000000000002 581.50000000000011 438.50000000000006
decision_type=10 2 2 8 2 2 10 2 2 2 10 10
left_child=1 2 10 -4 -5 6 8 11 -6 -10 -1 -3
right_child=-2 7 3 4 5 -7 -8 -9 9 -11 -12 -13
leaf_value=-0.0057849867639322063 -0.097072565236496364 0.0053837627373189379 -0 -0 -0 -0 -0 -0.04157156335529872 0.14167943558086404 -0 0 -0
leaf_weight=0.62521990016102813 0.76975442469120015 0.46067763864994038 0.22404257580637965 0.16632177308201823 0.021597206592561039 0.14918664097785941 0.12808537483215321 1.0987612502649424 2.1376804746687417 0.017962865531444439 0.31309644132852554 0.31577460467815399
leaf_count=8 4 2 4 2 1 2 1 15 14 1 2 3
internal_value=0 0.314853 0.613857 0.889177 1.03563 1.1646 1.2907 -0 1.41463 1.43544 -0 0
internal_weight=0 5.65841 3.78319 2.84488 2.62083 2.45451 2.30533 1.87521 2.17724 2.15564 0.938316 0.776452
internal_count=59 55 35 25 21 19 17 20 16 15 10 5
shrinkage=0.0975091


Tree=43
num_leaves=10
num_cat=0
split_feature=1 11 11 2 1 5 1 1 5
split_gain=1.43681 0.824435 0.942202 0.754888 0.543095 0.0820606 0.209819 0.0458216 0.0252458
threshold=770.00000000000011 18.000000000000004 6.0000000000000009 1.5000000000000002 402.00000000000006 8.5000000000000018 581.50000000000011 596.00000000000011 10.500000000000002
decision_type=10 2 2 10 10 2 10 10 2
left_child=1 2 5 -4 -5 6 -1 -6 -7
right_child=-2 -3 3 4 7 8 -8 -9 -10
leaf_value=-0.041783157385368849 -0.091154746927953709 -0.018889779943624539 -0 0.1262070382998127 -0 0.022323601787941037 0 0.023932387444075599 -0
leaf_weight=1.0774909742176531 0.76434341073036172 0.79438118264079072 0.35307188332080874 1.6930977366864683 0.52387519553303707 0.59175436757504929 0.21560256183147417 0.38669963926076889 0.056447602808475487
leaf_count=11 4 15 3 9 7 5 1 3 1
internal_value=0 0.269938 0.48157 0.806202 0.990227 -0 -0.184409 0 0.157544
internal_weight=0 5.69242 4.89804 2.95674 2.60367 1.9413 1.29309 0.910575 0.648202
internal_count=59 55 40 22 19 18 12 10 6
shrinkage=0.0975091


Tree=44
num_leaves=10
num_cat=0
split_feature=1 11 11 2 1 5 1 1 5
split_gain=1.22807 0.735135 0.769667 0.674586 0.43483 0.0636055 0.192458 0.0414754 0.0233212
threshold=770.00000000000011 18.000000000000004 6.0000000000000009 1.5000000000000002 402.00000000000006 8.5000000000000018 581.50000000000011 596.00000000000011 10.500000000000002
decision_type=10 2 2 10 10 2 10 10 2
left_child=1 2 5 -4 -5 6 -1 -6 -7
right_child=-2 -3 3 4 7 8 -8 -9 -10
leaf_value=-0.039628534411815672 -0.085683371797880825 -0.017824740914410851 -0 0.11604707554905745 -0 0.020948883286044828 0 0.022790073015204786 -0
leaf_weight=1.0471906792372463 0.75805683434009541 0.78270689491182543 0.35307188332080874 1.6943833604454996 0.52387519553303707 0.59354521334171284 0.21560256183147417 0.38530142605304718 0.056447602808475487
leaf_count=11 4 15 3 9 7 5 1 3 1
internal_value=0 0.242366 0.447594 0.739249 0.915342 -0 -0.160704 0 0.144347
internal_weight=0 5.65212 4.86942 2.95663 2.60356 1.91279 1.26279 0.909177 0.649993
internal_count=59 55 40 22 19 18 12 10 6
shrinkage=0.0975091


Tree=45
num_leaves=11
num_cat=0
split_feature=5 6 9 6 4 11 9 4 5 4
split_gain=1.27209 0.71781 0.482718 0.386825 0.342832 0.324858 0.337184 0.245837 0.177424 0.134995
threshold=3.5000000000000004 77.500000000000014 25.688000030893853 72.500000000000014 96.200000000000017 18.000000000000004 28.823881399762254 86.700000000000017 10.500000000000002 94.65000000000002
decision_type=2 2 8 2 2 2 10 2 2 2
left_child=9 3 -3 -2 5 6 8 -4 -5 -1
right_child=1 2 7 4 -6 -7 -8 -9 -10 -11
leaf_value=-0.070601073859634697 -0 -0.051341852840534906 0.054181697328848172 0.10427331267674129 -0 -0 -0 -0 -0 0
leaf_weight=2.1084723621606831 0.22002739086747203 1.3224569251760843 0.4720654785633086 1.7263822276145226 0.15494278818368901 0.12774378061294545 0.10778887569904316 0.29869731143116951 0.053790833801031002 0.06749691069126118
leaf_count=12 3 18 2 12 2 3 1 4 1 1
internal_value=0 0.155778 -0.0346929 0.548823 0.692293 0.808584 0.91343 0.115901 1.01618 -0.676332
internal_weight=0 4.4839 2.09322 2.39068 2.17065 2.01571 1.88796 0.770763 1.78017 2.17597
internal_count=59 46 24 22 19 17 14 6 13 13
shrinkage=0.0975091


Tree=46
num_leaves=9
num_cat=0
split_feature=1 5 1 6 4 11 1 11
split_gain=1.26874 1.71404 0.568635 0.563407 0.539401 0.526779 0.339682 0.127365
threshold=596.00000000000011 5.5000000000000009 369.50000000000006 77.500000000000014 62.250000000000007 18.000000000000004 290.50000000000006 6.0000000000000009
decision_type=10 2 8 2 2 2 10 2
left_child=1 7 3 6 -2 -6 -3 -1
right_child=4 2 -4 -5 5 -7 -8 -9
leaf_value=-0 -0 -0 -0.0121801634947183 -0 0.10512091084827624 -0 0.0994882332326925 -0.094167531099917809
leaf_weight=0.66361765377223525 0.21374262869358049 0.1194272339344028 0.76832947880029667 0.27800632268190373 1.0411945432424543 0.15934075415134419 1.036612883210182 2.3375496193766594
leaf_count=5 1 3 18 4 6 1 5 16
internal_value=0 -0.35476 0.0750501 0.559176 0.568791 0.842633 0.858914 -0.843519
internal_weight=0 5.20354 2.20238 1.43405 1.41428 1.20054 1.15604 3.00117
internal_count=59 51 30 12 8 7 8 21
shrinkage=0.0975091


Tree=47
num_leaves=8
num_cat=0
split_feature=1 5 9 3 3 9 9
split_gain=1.08387 1.4931 0.966146 0.814398 0.513526 0.397627 0.0583774
threshold=596.00000000000011 5.5000000000000009 20.355313712062856 504.50000000000006 470.00000000000006 28.823881399762254 25.377645199641954
decision_type=10 2 10 8 10 10 10
left_child=1 6 -2 4 -3 -6 -1
right_child=2 3 -4 -5 5 -7 -8
leaf_value=-0.088669819549046902 -0 -0 0.098462217717540601 -0.024316331798743773 0.10935075819932913 -0 -0
leaf_weight=2.2600266244262461 0.37308338284492482 0.21926554292440448 1.0291134044528005 0.93829013314098109 0.93621812760829903 0.11606105417013168 0.63389359414577473
leaf_count=17 2 4 6 21 4 1 4
internal_value=0 -0.339235 0.511383 0.0382089 0.669046 0.936213 -0.805387
internal_weight=0 5.10376 1.4022 2.20983 1.27154 1.05228 2.89392
internal_count=59 51 8 30 9 5 21
shrinkage=0.0975091


Tree=48
num_leaves=11
num_cat=0
split_feature=9 11 1 1 5 11 6 9 6 5
split_gain=0.651971 0.769356 0.584681 1.15483 0.624271 0.787956 0.505507 0.111734 0.108029 0.0498793
threshold=22.839213269122052 1.0000000180025095e-35 327.50000000000006 698.50000000000011 8.5000000000000018 6.0000000000000009 72.500000000000014 23.798399822239404 82.500000000000014 1.0000000180025095e-35
decision_type=10 2 8 10 2 2 2 10 2 2
left_child=1 -1 -2 4 5 -4 -7 -5 -8 -9
right_child=2 -3 3 7 -6 6 8 9 -10 -11
leaf_value=0 -0.021370144912476203 -0.086893024502311053 -0 0 -0 -0 0.12096055173964743 0 -0 -0.038185621513404565
leaf_weight=0.43416123464703543 0.75406062602996815 1.2965711206197736 0.24729287996888283 0.20369203388690937 0.25413954630494107 0.12462794035673176 2.0961333103477959 0.056571077555418015 0.026773728430271041 0.71071358025074005
leaf_count=4 7 17 4 1 6 1 13 1 1 4
internal_value=0 -0.514542 0.139799 0.390803 0.753981 0.91458 1.1027 -0.0593095 1.21618 -0.319454
internal_weight=0 1.73073 4.474 3.71994 2.74897 2.49483 2.24753 0.970977 2.12291 0.767285
internal_count=59 21 38 31 25 19 15 6 14 5
shrinkage=0.0975091


Tree=49
num_leaves=12
num_cat=0
split_feature=1 1 5 2 11 3 6 2 4 6 4
split_gain=0.353177 1.21085 0.681262 0.68564 0.466308 0.481894 0.465093 0.171012 0.16414 0.131853 0.0417972
threshold=568.00000000000011 698.50000000000011 1.5000000000000002 1.5000000000000002 1.0000000180025095e-35 1258.5000000000002 81.500000000000014 1.5000000000000002 94.65000000000002 76.500000000000014 85.850000000000009
decision_type=8 10 2 8 2 10 2 10 2 2 2
left_child=2 6 10 -4 -3 7 9 -6 -9 -2 -1
right_child=1 4 3 -5 5 -7 -8 8 -10 -11 -12
leaf_value=-0 0 0 0 -0.077189807662753823 0 0 -0 -0.09606619384672975 0 0.1080178037820492 0.022063701525254983
leaf_weight=0.16135339438915286 0.14335761778056655 0.23557011783123005 0.29783376678824458 2.2561880210414529 0.06597614288330067 0.20369203388690937 0.16475829854607571 1.0027142167091367 0.056571077555417904 1.1146475076675413 0.44335013628005981
leaf_count=2 3 1 2 33 1 1 3 5 1 5 2
internal_value=0 0.146188 -0.282206 -0.573363 -0.165157 -0.55216 0.827329 -0.817149 -0.904317 1.0191 0.00704752
internal_weight=0 2.98729 3.15873 2.55402 1.56452 1.32895 1.42276 1.12526 1.05929 1.25801 0.604704
internal_count=59 20 39 35 9 8 11 7 6 8 4
shrinkage=0.0975091


Tree=50
num_leaves=11
num_cat=0
split_feature=1 1 5 6 6 6 4 1 1 5
split_gain=0.270645 1.00394 0.608797 0.421981 0.269677 0.112498 0.0789701 0.0754118 0.298698 0.0650387
threshold=568.00000000000011 698.50000000000011 4.5000000000000009 81.500000000000014 77.500000000000014 76.500000000000014 94.65000000000002 327.50000000000006 486.00000000000006 1.5000000000000002
decision_type=8 10 2 2 2 2 2 10 10 2
left_child=2 3 7 5 9 -2 -6 -1 -9 -3
right_child=1 4 -4 -5 6 -7 -8 8 -10 -11
leaf_value=-0 0 -0 -0.062748528532001038 -0 -0.054959840843158698 0.10060662835669205 0 0.057812949814653639 -0 0.027575743852930944
leaf_weight=0.47665511071681999 0.14335761778056655 0.24939569830894448 1.5921084741130469 0.16475829854607571 0.80587206780910492 1.1079222261905668 0.056571077555418015 0.69028030335903168 0.27966558560729027 0.4392621517181397
leaf_count=4 3 1 28 3 5 5 1 3 4 2
internal_value=0 0.139773 -0.245315 0.763353 -0.116596 0.949433 -0.489164 0 0.236884 0
internal_weight=0 2.96714 3.03871 1.41604 1.5511 1.25128 0.862443 1.4466 0.969946 0.688658
internal_count=59 20 39 11 9 8 6 11 7 3
shrinkage=0.0975091


Tree=51
num_leaves=11
num_cat=0
split_feature=3 4 9 6 3 10 3 8 6 6
split_gain=1.15719 1.07738 0.897537 0.125365 0.149413 0.212938 0.17695 0.0766694 0.0490522 0.00186695
threshold=578.50000000000011 87.200000000000017 22.839213269122052 77.500000000000014 450.50000000000006 1.0000000180025095e-35 508.50000000000006 1.0000000180025095e-35 88.500000000000014 86.500000000000014
decision_type=10 2 10 2 10 2 10 8 2 2
left_child=2 7 3 4 -1 -6 -7 8 -2 -5
right_child=1 -3 -4 9 5 6 -8 -9 -10 -11
leaf_value=-0 0.10087087519273906 -0 -0.070951681468950117 -0.0045373704577954905 -0 0.076415832156848065 -0 -0 -0 0
leaf_weight=0.15934792160987876 1.6926432978361843 0.42386764846742142 1.6093750502914188 0.48825677670538414 0.13929752632975578 0.70829278230667125 0.084888733923435211 0.024886511266231648 0.015617169439792744 0.32886200957000256
leaf_count=3 11 8 21 5 2 3 1 1 1 3
internal_value=0 0.631225 -0.19798 0 0.292451 0.458614 0.646432 0.99494 1.0191 -0
internal_weight=0 2.15701 3.51832 1.90895 1.09183 0.932479 0.793182 1.73315 1.70826 0.817119
internal_count=59 21 38 17 9 6 4 13 12 8
shrinkage=0.0975091


Tree=52
num_leaves=6
num_cat=0
split_feature=1 9 4 1 3
split_gain=1.21213 0.78495 0.711466 0.12876 0.321012
threshold=596.00000000000011 23.368859836368753 90.450000000000017 305.50000000000006 485.00000000000006
decision_type=10 8 2 10 10
left_child=1 3 -2 -1 -5
right_child=2 -3 -4 4 -6
leaf_value=-0 0.099792692151105394 -0.067540229916248903 -0 0.063258767930833626 -0
leaf_weight=0.57065057381987605 1.343541271984577 1.5226906035095451 0.23399113863706575 0.69470536708831776 1.2147156521677969
leaf_count=9 7 22 2 3 16
internal_value=0 -0.169003 0.746475 0 0.237466
internal_weight=0 4.00276 1.57753 2.48007 1.90942
internal_count=59 50 9 28 19
shrinkage=0.0975091


Tree=53
num_leaves=9
num_cat=0
split_feature=1 5 10 11 11 11 1 1
split_gain=1.01947 0.525987 0.17411 0.125429 0.050115 0.26393 0.266575 0.128185
threshold=596.00000000000011 9.5000000000000018 1.0000000180025095e-35 26.000000000000004 18.000000000000004 6.0000000000000009 327.50000000000006 426.50000000000006
decision_type=10 2 2 2 2 2 10 10
left_child=2 3 -1 -2 5 -4 -7 -8
right_child=1 -3 4 -5 -6 6 7 -9
leaf_value=-0.046378553079048222 0.093765546720560922 -0 -0 -0 -0.019811369128517452 -0 0.066199817583277781 -0
leaf_weight=0.87429839745163951 1.3159141354262827 0.18980073928832999 1.024592915549875 0.044190399348735698 0.69502665288746346 0.19622233510017384 1.0681158676743505 0.074477219954132923
leaf_count=10 7 1 15 1 14 2 6 3
internal_value=0 0.688205 -0.158562 0.910381 -0 0.0467687 0.396977 0.594775
internal_weight=0 1.54991 3.93273 1.3601 3.05843 2.36341 1.33882 1.14259
internal_count=59 9 50 8 40 26 11 9
shrinkage=0.0975091


Tree=54
num_leaves=10
num_cat=0
split_feature=9 5 11 9 11 5 6 5 9
split_gain=1.10665 1.08087 0.612742 0.57756 0.533915 0.369141 0.337081 0.0595806 0.00340456
threshold=22.839213269122052 5.5000000000000009 6.0000000000000009 21.352957321064203 22.000000000000004 1.0000000180025095e-35 87.500000000000014 10.500000000000002 20.355313712062856
decision_type=8 2 2 10 2 2 2 2 10
left_child=3 5 -3 8 7 -2 -7 -4 -1
right_child=1 2 4 -5 -6 6 -8 -9 -10
leaf_value=-0 0.027498740103332468 -0 0.11481856241983242 -0.084460868313375945 -0 -0.06277015226804096 0 -0 0.0059416027924494444
leaf_weight=0.53962673433125041 0.62300281226634968 0.21918668597936664 1.690872276201844 1.1032832488417623 0.15690885111689556 1.1389234140515325 0.19704912602901448 0.015915818512439617 0.54298938810825348
leaf_count=7 3 4 11 14 6 9 1 1 3
internal_value=0 0.361124 0.821181 -0.455353 1.00709 -0 -0.411717 1.16073 0
internal_weight=0 4.04186 2.08288 2.1859 1.8637 1.95898 1.33597 1.70679 1.08262
internal_count=59 35 22 24 18 13 10 12 10
shrinkage=0.0975091


end of trees

feature importances:
Simple_reaction_time_Ex5=93
Choice_reaction_time_Ex5=70
ECGage=57
Olfaction_complete_Ex5_Ex4=56
BMIX4=50
Coffee_oz_Ex1=49
CASIX4=47
new_BM_frequency=39
Sleepy_complete=9
TBI_LOC=6
new_smoke=4
HYPBP1=4

parameters:
[boosting: gbdt]
[objective: binary]
[metric: auc]
[tree_learner: serial]
[device_type: cpu]
[data: ]
[valid: ]
[num_iterations: 100]
[learning_rate: 0.0975091]
[num_leaves: 21]
[num_threads: 4]
[max_depth: 25]
[min_data_in_leaf: 1]
[min_sum_hessian_in_leaf: 0.001]
[bagging_fraction: 0.338711]
[pos_bagging_fraction: 1]
[neg_bagging_fraction: 1]
[bagging_freq: 3]
[bagging_seed: 3]
[feature_fraction: 0.762063]
[feature_fraction_bynode: 1]
[feature_fraction_seed: 2]
[early_stopping_round: 0]
[first_metric_only: 0]
[max_delta_step: 0]
[lambda_l1: 0.674952]
[lambda_l2: 0.373958]
[min_gain_to_split: 0]
[drop_rate: 0.1]
[max_drop: 50]
[skip_drop: 0.5]
[xgboost_dart_mode: 0]
[uniform_drop: 0]
[drop_seed: 4]
[top_rate: 0.2]
[other_rate: 0.1]
[min_data_per_group: 100]
[max_cat_threshold: 32]
[cat_l2: 10]
[cat_smooth: 10]
[max_cat_to_onehot: 4]
[top_k: 20]
[monotone_constraints: ]
[feature_contri: ]
[forcedsplits_filename: ]
[forcedbins_filename: ]
[refit_decay_rate: 0.9]
[cegb_tradeoff: 1]
[cegb_penalty_split: 0]
[cegb_penalty_feature_lazy: ]
[cegb_penalty_feature_coupled: ]
[verbosity: 1]
[max_bin: 181]
[max_bin_by_feature: ]
[min_data_in_bin: 3]
[bin_construct_sample_cnt: 200000]
[histogram_pool_size: -1]
[data_random_seed: 1]
[output_model: LightGBM_model.txt]
[snapshot_freq: -1]
[input_model: ]
[output_result: LightGBM_predict_result.txt]
[initscore_filename: ]
[valid_data_initscores: ]
[pre_partition: 0]
[enable_bundle: 1]
[max_conflict_rate: 0]
[is_enable_sparse: 1]
[sparse_threshold: 0.8]
[use_missing: 1]
[zero_as_missing: 0]
[two_round: 0]
[save_binary: 0]
[header: 0]
[label_column: ]
[weight_column: ]
[group_column: ]
[ignore_column: ]
[categorical_feature: ]
[predict_raw_score: 0]
[predict_leaf_index: 0]
[predict_contrib: 0]
[num_iteration_predict: -1]
[pred_early_stop: 0]
[pred_early_stop_freq: 10]
[pred_early_stop_margin: 10]
[convert_model_language: ]
[convert_model: gbdt_prediction.cpp]
[num_class: 1]
[is_unbalance: 0]
[scale_pos_weight: 1]
[sigmoid: 1]
[boost_from_average: 1]
[reg_sqrt: 0]
[alpha: 0.9]
[fair_c: 1]
[poisson_max_delta_step: 0.7]
[tweedie_variance_power: 1.5]
[max_position: 20]
[lambdamart_norm: 1]
[label_gain: ]
[metric_freq: 1]
[is_provide_training_metric: 0]
[eval_at: ]
[multi_error_top_k: 1]
[num_machines: 1]
[local_listen_port: 12400]
[time_out: 120]
[machine_list_filename: ]
[machines: ]
[gpu_platform_id: -1]
[gpu_device_id: -1]
[gpu_use_dp: 0]

end of parameters

pandas_categorical:[]
