tree
version=v3
num_class=1
num_tree_per_iteration=1
label_index=0
max_feature_idx=11
objective=binary sigmoid:1
feature_names=Sleepy_complete Simple_reaction_time_Ex5 new_BM_frequency Choice_reaction_time_Ex5 CASIX4 Olfaction_complete_Ex5_Ex4 ECGage new_smoke TBI_LOC BMIX4 HYPBP1 Coffee_oz_Ex1
feature_infos=[0:1] [1:991] [0:4] [1:1329] [2.5:99] [0:12] [72:90] [0:2] [0:1] [14.6411231134028:39.3445072771772] [0:1] [0:64]
tree_sizes=1105 1066 1328 849 923 1206 1035 794 792 1034 903 1130 1033 1134 947 1002 1120 1044 870 1280 869 1220 1124 930 1121 1123 1022 1108 1126 1034 1021 1366 1119 1083 899 805 1130 1129 1136

Tree=0
num_leaves=10
num_cat=0
split_feature=3 9 2 6 5 9 5 5 5
split_gain=6.73128 9.15674 1.68576 1.40163 1.5037 0.702891 0.291107 0.580092 0.285819
threshold=648.50000000000011 23.354631013915654 1.5000000000000002 76.500000000000014 6.5000000000000009 19.841756880469454 10.500000000000002 2.5000000000000004 8.5000000000000018
decision_type=8 8 8 2 2 10 2 2 2
left_child=2 5 6 4 -4 -2 7 -1 -6
right_child=1 -3 3 -5 8 -7 -8 -9 -10
leaf_value=-1.1990828190317442 -1.1825804369266029 -0.94046441220291244 -1.083960098221896 -1.3006338429200768 -1.1990828190317442 -1.2629831512675864 -1.1990828190317442 -1.0839600982218958 -1.2629831512675864
leaf_weight=0.17798206210136314 0.17798206210136536 1.601838558912277 0.3559641242027286 4.0935874283313751 0.71192824840545688 1.4238564968109129 0.17798206210136414 0.35596412420272827 1.4238564968109129
leaf_count=1 1 9 2 23 4 8 1 2 8
internal_value=0 1.16154 -0.498255 -0.703472 -0 -0.207407 0.366977 0.694053 -0.440168
internal_weight=0 3.20368 7.29726 6.58534 2.49175 1.60184 0.711928 0.533946 2.13578
internal_count=59 18 41 37 14 9 4 3 12
shrinkage=1


Tree=1
num_leaves=10
num_cat=0
split_feature=1 6 3 1 1 6 1 8 3
split_gain=9.46815 4.05119 1.15462 1.41437 0.654456 0.603733 0.00928523 0.00237927 0.00339868
threshold=547.00000000000011 80.500000000000014 454.50000000000006 301.50000000000006 398.00000000000006 73.500000000000014 336.50000000000006 1.0000000180025095e-35 614.00000000000011
decision_type=8 2 10 8 10 2 10 8 10
left_child=2 -2 3 -1 -5 6 -4 8 -3
right_child=1 7 5 4 -6 -7 -8 -9 -10
leaf_value=-0.053563040094995247 0.22356594529129903 0.0074906959100174792 0.012524301567346331 0.11638978142221319 -0 -0.085021272717090896 -0 -0.0049597610434064894 -0
leaf_weight=1.2007714509963983 1.7650942057371151 0.20195423066616047 0.18887107074260701 0.74459527432918526 0.17798206210136414 4.9309573471546173 0.51557350158691406 0.54566989839076996 0.16823737323284149
leaf_count=7 9 1 1 4 1 29 3 3 1
internal_value=0 1.5345 -0.528875 0 0.851114 -0.755432 0 -0 0
internal_weight=0 2.68096 7.75875 2.12335 0.922577 5.6354 0.704445 0.915862 0.370192
internal_count=59 14 45 12 5 33 4 5 2
shrinkage=0.0975091


Tree=2
num_leaves=13
num_cat=0
split_feature=1 6 2 6 5 6 5 1 3 1 3 6
split_gain=7.6098 3.06124 1.48793 0.980714 1.46786 0.643875 0.243407 0.453378 0.0467899 0.0215275 0.00162166 0.00316622
threshold=547.00000000000011 80.500000000000014 1.5000000000000002 76.500000000000014 6.5000000000000009 75.500000000000014 2.5000000000000004 327.50000000000006 648.50000000000011 362.00000000000006 614.00000000000011 83.500000000000014
decision_type=8 2 8 2 2 2 2 10 10 10 10 2
left_child=2 8 6 4 -4 -6 -1 -8 -2 -7 11 -3
right_child=1 10 3 -5 5 9 7 -9 -10 -11 -12 -13
leaf_value=-0 0 -0 0.10147030446177532 -0.096794883169389528 -0.073989664618944267 0.019401212877277835 -0 0.097670869302594582 0.20970350822627531 -0 -0.0041048105427241455 0.0072258361918812932
leaf_weight=0.18898938596248527 0.4134466350078595 0.17138122022151936 0.38957788050174746 4.0244804620742798 1.8576588034629824 0.16982744634151448 0.17285075783729553 0.39907827973365778 1.5229581892490385 0.32735937833786011 0.54113319516181946 0.20261619985103607
leaf_count=1 2 1 2 25 11 1 1 2 7 2 3 1
internal_value=0 1.32531 -0.495994 -0.685196 -0 -0.484678 0.263535 0.58366 1.94349 0 -0 0
internal_weight=0 2.85154 7.52982 6.7689 2.74442 2.35485 0.760918 0.571929 1.9364 0.497187 0.915131 0.373997
internal_count=59 14 45 41 16 14 4 3 9 3 5 2
shrinkage=0.0975091


Tree=3
num_leaves=8
num_cat=0
split_feature=5 6 11 6 1 5 9
split_gain=7.25917 1.47116 1.43409 1.71918 1.29989 0.809714 0.646667
threshold=3.5000000000000004 73.500000000000014 6.0000000000000009 72.500000000000014 804.50000000000011 6.5000000000000009 24.121511688575904
decision_type=2 2 2 2 10 2 10
left_child=2 5 -1 -4 -3 -2 -5
right_child=1 4 3 6 -6 -7 -8
leaf_value=-0 0.098303320920222606 -0.093029223396008776 -0 0 0 -0.015330407322797526 0.19290083061616217
leaf_weight=0.30162262916564975 0.39752165973186471 6.2666468620300293 0.23458710312843359 0.53020451962947879 0.23458710312843312 0.66236808896064758 1.6343952417373655
leaf_count=2 2 38 1 3 1 4 8
internal_value=0 -0.642279 1.14909 1.40754 -0.830721 0 1.68567
internal_weight=0 7.56112 2.70081 2.39919 6.50123 1.05989 2.1646
internal_count=59 45 14 12 39 6 11
shrinkage=0.0975091


Tree=4
num_leaves=9
num_cat=0
split_feature=5 6 11 6 2 4 4 9
split_gain=5.9061 1.3143 1.20466 1.45641 0.947313 1.05411 0.712851 0.373042
threshold=3.5000000000000004 73.500000000000014 6.0000000000000009 72.500000000000014 1.5000000000000002 94.65000000000002 91.600000000000009 24.121511688575904
decision_type=2 2 2 2 8 2 2 10
left_child=2 6 -1 -4 -3 -6 -2 -5
right_child=1 4 3 7 5 -7 -8 -9
leaf_value=-0 0.091212782961862693 0 -0 0 -0.10209156193943576 0 -0.01446154904252008 0.16727127680499451
leaf_weight=0.30162262916564975 0.41480277478694894 0.41588000953197463 0.23458710312843359 0.53020451962947879 5.1405956596136093 0.61295144259929646 0.65646857023239136 1.751573324203491
leaf_count=2 2 2 1 3 33 4 4 8
internal_value=0 -0.59869 1.00451 1.23739 -0.786111 -0.902504 0 1.48821
internal_weight=0 7.2407 2.81799 2.51636 6.16943 5.75355 1.07127 2.28178
internal_count=59 45 14 12 39 37 6 11
shrinkage=0.0975091


Tree=5
num_leaves=11
num_cat=0
split_feature=5 8 3 3 4 4 9 9 9 9
split_gain=4.82881 0.918445 0.864377 0.84791 0.577161 0.536337 0.450109 0.427502 0.0338386 0.0329025
threshold=3.5000000000000004 1.0000000180025095e-35 682.00000000000011 563.50000000000011 87.200000000000017 94.65000000000002 21.333335891123554 29.454764128804651 23.920366350694454 21.222957658243754
decision_type=2 10 8 10 2 2 10 10 10 10
left_child=2 5 3 7 -3 6 9 -1 -7 -2
right_child=1 4 -4 -5 -6 8 -8 -9 -10 -11
leaf_value=0.09612523017338484 -0.016876953725571967 0.075137588447463738 0.14472581172641402 -0.033282920624732835 -0.026322813588491058 -0.0080993207836578002 -0.095868012510123612 -0 0.02188164652803775 0.0022400219399773473
leaf_weight=0.80236746370792411 0.71400271356105793 0.45007403194904311 1.1883766055107114 0.76107728481292725 0.83180741965770721 0.61328718066215504 3.9510510861873627 0.15081131458282471 0.16274423897266388 0.21447925269603729
leaf_count=4 5 2 5 4 6 4 26 1 1 1
internal_value=0 -0.557908 0.886901 0 0 -0.727847 -0.842679 0.734342 0 -0
internal_weight=0 6.93745 2.90263 1.71426 1.28188 5.65556 4.87953 0.953179 0.776031 0.928482
internal_count=59 45 14 9 8 37 32 5 5 6
shrinkage=0.0975091


Tree=6
num_leaves=10
num_cat=0
split_feature=3 3 3 2 11 5 5 5 3
split_gain=4.34506 5.6971 2.83641 1.28114 0.873061 0.421508 0.405879 0.307832 0.28682
threshold=494.00000000000006 472.50000000000006 792.00000000000011 2.5000000000000004 18.000000000000004 4.5000000000000009 4.5000000000000009 2.5000000000000004 462.50000000000006
decision_type=10 8 10 10 2 2 2 2 10
left_child=1 6 -2 5 -4 -3 7 -1 -9
right_child=2 3 4 -5 -6 -7 -8 8 -10
leaf_value=-0 -0.099115317717875545 0 0.08843602374880595 -0 -0 0.27455761393808054 -0.050306487352276538 0.084303273903763132 -0
leaf_weight=0.41340287029743272 4.6471514105796814 0.38943463563919051 0.83797574043273904 0.12405677884817112 0.50223121047019958 0.79777101427316655 1.2049087211489675 0.42158755660057062 0.13025453686714172
leaf_count=2 31 2 4 1 3 5 8 2 1
internal_value=0 0.702814 -0.623794 2.12182 0.268771 2.38339 -0.0751446 0 0.576632
internal_weight=0 3.48142 5.98736 1.31126 1.34021 1.18721 2.17015 0.965245 0.551842
internal_count=59 21 38 8 7 7 13 5 3
shrinkage=0.0975091


Tree=7
num_leaves=7
num_cat=0
split_feature=11 3 2 1 1 7
split_gain=3.9288 3.31208 4.63459 2.61887 1.34774 1.39733
threshold=18.000000000000004 501.50000000000006 2.5000000000000004 668.00000000000011 284.00000000000006 1.5000000000000002
decision_type=2 10 10 10 8 2
left_child=1 2 4 -3 -1 -6
right_child=-2 3 -4 -5 5 -7
leaf_value=-0 -0.091415589511570777 -0.079179489365959643 -0.024564023270737447 0.080581875770121783 0.22708567254681933 -0
leaf_weight=0.15081131458282482 3.215043805539608 2.4652781859040265 0.76732302457094181 0.86496466398239125 1.7118993178009985 0.13663233816623699
leaf_count=1 21 18 5 4 9 1
internal_value=0 0.350061 1.12935 -0.163792 1.90002 2.11222
internal_weight=0 6.09691 2.76667 3.33024 1.99934 1.84853
internal_count=59 38 16 22 11 10
shrinkage=0.0975091


Tree=8
num_leaves=7
num_cat=0
split_feature=11 3 2 3 9 7
split_gain=3.37242 2.49647 3.69198 2.30411 2.22467 1.28715
threshold=18.000000000000004 501.50000000000006 2.5000000000000004 700.50000000000011 27.478700468707803 1.5000000000000002
decision_type=2 10 10 8 10 2
left_child=1 2 4 -3 5 -1
right_child=-2 3 -4 -5 -6 -7
leaf_value=0.21493641948391201 -0.087936532191173242 -0.07605304452241822 -0.023195189100367317 0.073667450882470648 -0 -0
leaf_weight=1.7219395637512214 3.0400250479578972 2.3381994888186459 0.75602161139249791 0.887759730219841 0.29088525474071486 0.13663233816623677
leaf_count=8 21 18 5 4 2 1
internal_value=0 0.30701 0.963388 -0.135336 1.62602 1.99622
internal_weight=0 6.13144 2.90548 3.22596 2.14946 1.85857
internal_count=59 38 16 22 11 9
shrinkage=0.0975091


Tree=9
num_leaves=10
num_cat=0
split_feature=11 4 9 9 6 3 5 9 1
split_gain=4.14896 3.854 1.95774 1.45243 1.58388 1.43966 1.24777 0.823437 0.628875
threshold=18.000000000000004 89.450000000000017 24.730747302054251 23.150131764809103 86.500000000000014 469.00000000000006 7.5000000000000009 33.52197048350461 715.50000000000011
decision_type=2 2 10 10 2 10 2 10 10
left_child=1 2 3 4 5 -1 7 -4 -3
right_child=-2 8 6 -5 -6 -7 -8 -9 -10
leaf_value=-0 -0.081952578327515097 -0.066877016775001893 0.19307605639366621 -0.04542344103345549 -0 0.18846082094429287 -0 -0 0
leaf_weight=0.19484600424766563 2.6726888194680214 1.6589954048395155 2.068437561392785 0.98548030853271484 0.40452881157398224 0.74637916684150685 0.16557596623897539 0.10278676450252522 0.24910537898540488
leaf_count=1 20 12 10 6 3 4 1 1 1
internal_value=0 0.539715 1.04927 0.0388458 0.821832 1.4448 1.66388 1.85442 -0.37878
internal_weight=0 6.57614 4.66803 2.33123 1.34575 0.941225 2.3368 2.17122 1.9081
internal_count=59 39 26 14 8 5 12 11 13
shrinkage=0.0975091


Tree=10
num_leaves=8
num_cat=0
split_feature=11 2 9 5 3 9 9
split_gain=3.49285 2.89762 1.63087 2.08356 0.912025 0.499377 0.492671
threshold=18.000000000000004 1.5000000000000002 24.880309890215901 6.5000000000000009 491.50000000000006 21.222957658243754 33.52197048350461
decision_type=2 8 10 2 10 10 10
left_child=1 -1 4 6 5 -3 -4
right_child=-2 2 3 -5 -6 -7 -8
leaf_value=0.15481428352239812 -0.078817180173039861 -0.0050298755850526761 0.13635640021579992 -0.012161155191852523 -0.074019291370303858 0.078357934229655812 -0
leaf_weight=1.4129558801650999 2.5301600024104118 0.54319925606250796 1.5334636569023135 0.61669582128524769 2.0100110620260239 0.39557275176048279 0.10278676450252522
leaf_count=7 20 3 7 4 15 2 1
internal_value=0 0.47949 0 0.667139 -0.372762 0 1.26903
internal_weight=0 6.61469 5.20173 2.25295 2.94878 0.938772 1.63625
internal_count=59 39 32 12 20 5 8
shrinkage=0.0975091


Tree=11
num_leaves=11
num_cat=0
split_feature=11 9 5 3 5 1 9 9 1 3
split_gain=2.99447 2.00704 1.70152 0.811763 0.840272 0.708823 0.573504 0.571977 0.0221201 0.00217033
threshold=18.000000000000004 24.880309890215901 7.5000000000000009 491.50000000000006 1.5000000000000002 248.50000000000003 21.222957658243754 33.52197048350461 536.00000000000011 475.50000000000006
decision_type=2 10 2 10 2 8 10 10 10 10
left_child=1 3 5 6 8 -3 9 -7 -5 -1
right_child=-2 2 -4 4 -6 7 -8 -9 -10 -11
leaf_value=-0.0047469527650344919 -0.075791282566231341 -0 -0 -0 -0.07239042936865113 0.14961607189688259 0.093785669702632024 -0 0.019680779938547468 0
leaf_weight=0.54181037843227409 2.3963538929820061 0.13704529404640275 0.37877808511257161 0.11542643606662784 1.9642918333411217 2.3083283454179768 0.63871009647846222 0.10278676450252522 0.16903334856033325 0.24702535569667816
leaf_count=3 20 1 2 1 15 11 3 1 1 1
internal_value=0 0.43588 1.0048 -0 -0.413511 1.31255 0.449072 1.43599 0 -0
internal_weight=0 6.60324 2.92694 3.6763 2.24875 2.54816 1.42755 2.41112 0.28446 0.788836
internal_count=59 39 15 24 17 13 7 12 2 4
shrinkage=0.0975091


Tree=12
num_leaves=10
num_cat=0
split_feature=0 1 3 3 1 2 4 4 3
split_gain=4.3802 1.8752 0.793861 1.34671 0.648503 0.542994 1.04205 0.358342 0.21287
threshold=1.0000000180025095e-35 327.50000000000006 487.50000000000006 573.50000000000011 336.50000000000006 2.5000000000000004 80.550000000000026 82.600000000000009 439.50000000000006
decision_type=8 10 10 10 8 10 2 2 10
left_child=1 -1 7 -4 -2 6 -5 -3 -9
right_child=4 2 3 5 -6 -7 -8 8 -10
leaf_value=-0.091608299607031304 -0 -0 -0.072701908099299481 -0 0.16684509637526759 -0 0.10683102893299679 0 0.10057572725930751
leaf_weight=2.520395763218402 0.10330459475517328 0.15853498876094807 2.1206107214093208 0.39335443079471577 1.111561119556427 0.5092904046177863 1.0174206122756002 0.43538476526737191 0.79153983294963826
leaf_count=16 1 1 17 3 5 4 6 2 4
internal_value=0 -0.285762 0 -0.168347 1.52618 0.192581 0.593224 0.616519 0.800985
internal_weight=0 7.94653 5.42614 4.04068 1.21487 1.92007 1.41078 1.38546 1.22692
internal_count=59 53 37 30 6 13 9 7 6
shrinkage=0.0975091


Tree=13
num_leaves=11
num_cat=0
split_feature=0 5 3 9 1 1 9 9 3 9
split_gain=3.64898 2.24407 1.42284 1.32236 0.630191 0.557349 0.375896 0.369582 0.139677 0.0103275
threshold=1.0000000180025095e-35 1.5000000000000002 454.50000000000006 26.929330318634104 327.50000000000006 336.50000000000006 29.142819823195953 20.652600158375005 439.50000000000006 27.977581019429156
decision_type=8 2 8 10 10 8 10 10 10 10
left_child=1 6 4 -4 -3 -2 7 -1 -6 -5
right_child=5 2 3 9 8 -7 -8 -9 -10 -11
leaf_value=-0 -0 -0.028866257879922554 -0.098620752676172166 0.013230914004570939 0 0.14991509835926628 -0 0.094954739308050568 0.09047300581955639 -0
leaf_weight=0.12916646897792716 0.10330459475517328 0.77041514217853524 4.4849065169692039 0.186967372894287 0.43538476526737208 1.1561675518751144 0.16792601346969591 1.0538390502333639 0.40381604433059687 0.15561434626579285
leaf_count=1 1 5 34 1 2 5 1 6 2 1
internal_value=0 -0.268749 -0.571565 -0.837454 0 1.36859 0.593946 0.795141 0.660904 0
internal_weight=0 7.78804 6.4371 4.82749 1.60962 1.25947 1.35093 1.18301 0.839201 0.342582
internal_count=59 53 45 36 9 6 8 7 4 2
shrinkage=0.0975091


Tree=14
num_leaves=9
num_cat=0
split_feature=0 5 11 11 11 1 1 11
split_gain=2.99987 1.89235 1.50984 1.13715 0.617387 0.486868 0.131686 0.215291
threshold=1.0000000180025095e-35 1.5000000000000002 30.000000000000004 18.000000000000004 6.0000000000000009 336.50000000000006 391.00000000000006 56.000000000000007
decision_type=8 2 2 2 2 8 10 2
left_child=1 3 -3 4 -1 -2 -4 -8
right_child=5 2 6 -5 -6 -7 7 -9
leaf_value=-0 -0 -0.075353497327011507 -0 -0 0.13466146109813573 0.13611035242763228 0.060457638084715694 -0
leaf_weight=0.13667821884155162 0.10330459475517328 5.2222731485962868 0.21009431034326545 0.43856404721736902 0.80128805339336384 1.1855139434337616 0.58436007052659988 0.14912901818752289
leaf_count=1 1 38 2 3 4 5 4 1
internal_value=0 -0.237934 -0.532388 0.527394 1.11261 1.23879 0.127516 0.371827
internal_weight=0 7.54239 6.16586 1.37653 0.937966 1.28882 0.943583 0.733489
internal_count=59 53 45 8 5 6 7 5
shrinkage=0.0975091


Tree=15
num_leaves=10
num_cat=0
split_feature=5 3 11 2 2 5 3 3 5
split_gain=5.52746 1.82756 0.61786 0.386374 0.572085 0.545382 0.0141314 0.154241 0.141644
threshold=2.5000000000000004 491.50000000000006 6.0000000000000009 2.5000000000000004 1.5000000000000002 9.5000000000000018 469.00000000000006 531.50000000000011 10.500000000000002
decision_type=2 8 2 10 8 2 10 10 2
left_child=1 -1 -3 4 -2 -6 -5 8 -8
right_child=3 2 -4 6 5 -7 7 -9 -10
leaf_value=-0 0 -0 0.17017971092152789 -0 -0.069348301808344365 0 0.055298841488288987 -0 -0
leaf_weight=0.30939757823944125 0.96448825299739827 0.09290441870689424 2.1585022211074829 0.3636672645807264 3.5523973479866982 0.59683889150619496 0.5899684876203537 0.25920435041189194 0.10711526125669479
leaf_count=2 5 1 10 3 26 4 4 3 1
internal_value=0 1.33984 1.64403 -0.266121 -0.397822 -0.564347 0 0.103069 0.39649
internal_weight=0 2.5608 2.25141 6.43368 5.11372 4.14924 1.31996 0.956288 0.697084
internal_count=59 13 11 46 35 30 11 8 5
shrinkage=0.0975091


Tree=16
num_leaves=11
num_cat=0
split_feature=5 3 9 5 11 3 4 4 1 9
split_gain=4.45375 1.5679 0.719049 0.616314 0.529755 0.454268 0.409881 0.355167 0.624968 0.343465
threshold=2.5000000000000004 491.50000000000006 28.283900408551403 9.5000000000000018 6.0000000000000009 386.00000000000006 95.250000000000014 89.90000000000002 385.50000000000006 29.454764128804651
decision_type=2 8 10 2 2 10 2 2 10 10
left_child=1 -1 3 5 -3 -2 -7 8 -5 -4
right_child=2 4 9 7 -6 6 -8 -9 -10 -11
leaf_value=-0 0 -0 0.066268453439136482 0.10765006058865675 0.15279893394702848 -0.086167840425914188 -0 -0.023901127764962473 -0 -0
leaf_weight=0.30939757823944125 0.39276248216629017 0.09290441870689424 0.46855396032333357 0.37127768993377663 2.2091948091983795 2.8773907423019414 0.84467849135398843 0.82157523930072784 0.24615482240915296 0.28004515171051025
leaf_count=2 3 1 2 2 10 22 6 7 2 2
internal_value=0 1.19249 -0.240188 -0.422578 1.47389 -0.610835 -0.720973 0 0.5346 0.2017
internal_weight=0 2.6115 6.30244 5.55384 2.3021 4.11483 3.72207 1.43901 0.617433 0.748599
internal_count=59 13 46 42 11 31 28 11 4 4
shrinkage=0.0975091


Tree=17
num_leaves=10
num_cat=0
split_feature=5 11 9 5 11 9 1 1 5
split_gain=3.61144 1.36464 0.631123 0.539291 0.461775 0.3111 0.0816736 0.72464 0.044002
threshold=2.5000000000000004 18.000000000000004 28.283900408551403 9.5000000000000018 6.0000000000000009 29.454764128804651 346.50000000000006 381.50000000000006 3.5000000000000004
decision_type=2 2 10 2 2 10 10 10 2
left_child=1 4 3 8 -1 -4 -5 -8 -2
right_child=2 -3 5 6 -6 -7 7 -9 -10
leaf_value=-0 -0 -0 0.062113383161623806 -0.0079448864873162012 0.1385969174212027 -0 0.099737816429487439 -0 -0.061743128554142622
leaf_weight=0.092904418706894684 0.62344516813755069 0.30939757823944081 0.47578550875186904 0.63600090146064736 2.2348489463329315 0.28004515171051025 0.39031456410884857 0.41800849139690399 3.3354732245206833
leaf_count=1 3 2 2 5 10 2 2 4 28
internal_value=0 1.06949 -0.216624 -0.39557 1.33413 0.17271 0 0.251814 -0.577149
internal_weight=0 2.63715 6.15907 5.40324 2.32775 0.755831 1.44432 0.808323 3.95892
internal_count=59 13 46 42 11 4 11 6 31
shrinkage=0.0975091


Tree=18
num_leaves=8
num_cat=0
split_feature=0 6 5 4 8 9 9
split_gain=1.65646 1.01429 1.31718 1.73646 0.817097 0.774098 0.0367287
threshold=1.0000000180025095e-35 78.500000000000014 4.5000000000000009 79.100000000000009 1.0000000180025095e-35 20.927116339025403 20.242899564933502
decision_type=8 2 2 2 8 10 10
left_child=1 2 3 -1 -2 6 -4
right_child=4 -3 5 -5 -6 -7 -8
leaf_value=-0 0.11858529324521662 -0.073921989042379774 -0 0.1293534824807879 -0 -0.068636747964949757 0.025780160917049173
leaf_weight=0.48863666504621495 0.97254192829132036 2.229661900550127 0.17534005641937289 1.1062033623456953 0.62895521521568309 2.0942397117614746 0.15148448944091797
leaf_count=3 4 20 2 5 3 21 1
internal_value=0 -0.269861 0 0.664116 0.771032 -0.400729 0
internal_weight=0 6.24557 4.0159 1.59484 1.6015 2.42106 0.326825
internal_count=59 52 32 8 7 24 3
shrinkage=0.0975091


Tree=19
num_leaves=13
num_cat=0
split_feature=1 1 4 4 6 5 1 4 4 9 11 4
split_gain=1.08748 0.910749 0.708478 0.517545 0.838731 0.444363 0.34679 0.577665 0.364586 0.45376 0.250168 0.00396319
threshold=516.50000000000011 336.50000000000006 95.250000000000014 75.050000000000011 73.500000000000014 8.5000000000000018 301.50000000000006 82.600000000000009 96.250000000000014 29.142819823195953 44.000000000000007 62.150000000000013
decision_type=8 10 2 2 2 2 10 2 2 10 2 2
left_child=1 6 -3 11 -5 -6 -1 -8 9 10 -9 -2
right_child=3 2 -4 4 5 -7 7 8 -10 -11 -12 -13
leaf_value=-0.015613282656024101 0 -0.078919025957236044 0 -0 0.12479414640606699 -0 -0 0.12277295962515274 -0 -0 -0 -0.006426573444349431
leaf_weight=0.7605000697076324 0.24312897026538879 2.7340021915733819 0.37071753293275822 0.22178313136100761 1.1349383592605589 0.10668314993381488 0.34798942506313318 0.86484031379222848 0.13369913399219502 0.12833112478256226 0.06217435747385025 0.53842426836490631
leaf_count=9 1 27 2 1 5 1 3 4 1 1 1 3
internal_value=0 -0.268569 -0.617719 0.506116 0.804233 1.12015 0 0.407738 0.75687 0.938891 1.14772 -0
internal_weight=0 5.40225 3.10472 2.24496 1.4634 1.24162 2.29753 1.53703 1.18904 1.05535 0.927015 0.781553
internal_count=59 48 29 11 7 6 19 10 7 6 5 4
shrinkage=0.0975091


Tree=20
num_leaves=8
num_cat=0
split_feature=0 6 5 4 9 9 9
split_gain=1.28787 0.814111 0.866116 1.36856 0.68407 0.406424 0.0246598
threshold=1.0000000180025095e-35 78.500000000000014 4.5000000000000009 79.100000000000009 20.927116339025403 22.329888346652755 20.242899564933502
decision_type=8 2 2 2 10 8 10
left_child=1 2 3 -1 6 -2 -4
right_child=5 -3 4 -5 -6 -7 -8
leaf_value=-0 0 -0.069035487273765531 -0 0.11130515059989722 -0.064200072283604165 0.095323803877461186 0.020843625545206454
leaf_weight=0.48105224221944842 0.62496824562549558 2.0436883382499218 0.16469976305961642 1.1012802869081495 1.9248782023787496 0.98273308575153362 0.16571827232837677
leaf_count=3 3 20 2 5 21 4 1
internal_value=0 -0.252158 0 0.531992 -0.344729 0.670215 0
internal_weight=0 5.88132 3.83763 1.58233 2.2553 1.6077 0.330418
internal_count=59 52 32 8 24 7 3
shrinkage=0.0975091


Tree=21
num_leaves=12
num_cat=0
split_feature=9 3 5 1 9 4 1 4 6 10 6
split_gain=1.41192 1.33507 1.92939 0.777378 1.12687 1.16515 0.659555 0.394055 0.185258 0.0287516 0.00162967
threshold=25.240287270055152 479.50000000000006 9.5000000000000018 301.50000000000006 21.504814879496553 79.100000000000009 327.50000000000006 84.450000000000017 79.500000000000014 1.0000000180025095e-35 86.500000000000014
decision_type=8 8 2 10 10 2 8 2 2 2 2
left_child=3 -2 6 -1 5 -5 -3 9 -8 -6 -10
right_child=1 2 -4 4 7 -7 8 -9 10 -11 -12
leaf_value=-0.064959524962279303 -0 -0 -0 -0 0.018109836823442364 0.12198739506496677 0.15840904922451102 -0.051080364968015539 -0 -0 0.0044096301954946807
leaf_weight=1.3645545318722714 0.52831458300352219 0.13199006021022874 0.48590798676013935 0.342274829745293 0.45957793295383487 1.0501288771629331 1.8430577367544176 1.3510140925645826 0.24221100658178321 0.31537944823503494 0.42290723323822016
leaf_count=9 4 1 4 3 2 6 8 14 3 3 2
internal_value=0 0.657567 0.937608 -0.0442766 0.0643494 0.776006 1.28878 -0.178119 1.40209 0 0
internal_weight=0 3.65439 3.12607 4.88293 3.51838 1.3924 2.64017 2.12597 2.50818 0.774957 0.665118
internal_count=59 22 18 37 28 9 14 19 13 5 5
shrinkage=0.0975091


Tree=22
num_leaves=11
num_cat=0
split_feature=2 5 11 3 9 5 5 3 3 11
split_gain=1.60466 1.49005 1.03257 0.835912 0.60812 0.510814 0.123583 0.119941 0.10765 0.0148697
threshold=1.5000000000000002 2.5000000000000004 6.0000000000000009 439.50000000000006 25.240287270055152 9.5000000000000018 5.5000000000000009 648.50000000000011 482.50000000000006 6.0000000000000009
decision_type=8 2 2 10 10 2 2 10 10 2
left_child=3 2 -2 -1 5 -3 8 -8 -6 -7
right_child=1 4 -4 -5 6 9 7 -9 -10 -11
leaf_value=-0 -0 -0.078664811182539318 0.10143233630759235 0.12575838335644812 -0 0.015983942234751396 -0.03038719737533891 0 0.050332404045819942 -0
leaf_weight=0.52339161932468325 0.3586851507425316 2.3299720101058488 1.3650384247303007 1.238195866346359 0.093425281345844158 0.17942304909229267 0.93733275681734063 0.44818760454654688 0.4660932868719101 0.55720506608486176
leaf_count=3 2 21 6 6 1 1 9 2 2 6
internal_value=0 -0 0.63625 0.929655 -0.344961 -0.602513 0 -0.064881 0.352782 0
internal_weight=0 6.73536 1.72372 1.76159 5.01164 3.0666 1.94504 1.38552 0.559519 0.736628
internal_count=59 50 8 9 42 28 14 11 3 7
shrinkage=0.0975091


Tree=23
num_leaves=9
num_cat=0
split_feature=1 5 11 9 1 8 1 11
split_gain=1.11769 0.93097 0.716761 0.394083 0.320031 0.241239 0.190543 0.140107
threshold=301.50000000000006 8.5000000000000018 6.0000000000000009 23.354631013915654 331.50000000000006 inf 756.00000000000011 56.000000000000007
decision_type=10 2 2 8 10 8 10 2
left_child=3 2 -2 -1 -3 6 7 -4
right_child=1 4 5 -5 -6 -7 -8 -9
leaf_value=-0.058945565119064264 -0 0.015434013738662294 0.086467777545562396 0 -0.044030912652612296 -0 -0 -0
leaf_weight=1.2836487852036955 0.9417287930846211 0.18094500899314869 3.8653251826763162 0.73869040608406045 1.1273838207125662 0.097779676318168529 0.074539519846439251 0.053490936756133922
leaf_count=9 7 1 24 4 11 1 1 1
internal_value=0 0.407293 0.61499 -0.297205 -0 0.786452 0.829211 0.862507
internal_weight=0 6.34119 5.03286 2.02234 1.30833 4.09114 3.99336 3.91882
internal_count=59 46 34 13 12 27 26 25
shrinkage=0.0975091


Tree=24
num_leaves=11
num_cat=0
split_feature=4 3 3 9 1 4 5 2 4 1
split_gain=1.83138 2.02782 2.40551 2.30835 1.4863 0.871728 0.670907 0.407773 0.229122 0.00903887
threshold=88.300000000000026 469.00000000000006 540.00000000000011 25.958638845370704 595.50000000000011 75.050000000000011 11.500000000000002 1.5000000000000002 91.200000000000017 715.50000000000011
decision_type=2 10 10 10 8 2 2 8 2 10
left_child=4 8 3 6 7 -6 -3 -1 -2 -4
right_child=1 2 9 -5 5 -7 -8 -9 -10 -11
leaf_value=0 -0.042582497650169068 0.23976185569938871 -0.0091328688709655156 -0 -0 0.087953721837420076 -0 -0.080526669882403271 0 0
leaf_weight=0.31544457376003299 0.83606153726577725 1.1383218914270403 0.65640522167086579 0.58334495127201069 0.66039024293422677 0.87845934927463531 0.061989940702915081 2.5178451277315617 0.33260760456323624 0.4223093986511231
leaf_count=2 5 6 8 4 3 4 1 22 2 2
internal_value=0 0.627108 1.07766 1.69023 -0.217931 0.27746 2.31987 -0.698418 -0.0326053 -0
internal_weight=0 4.03104 2.86237 1.78366 4.37214 1.53885 1.20031 2.83329 1.16867 1.07871
internal_count=59 28 21 11 31 7 7 24 7 10
shrinkage=0.0975091


Tree=25
num_leaves=11
num_cat=0
split_feature=4 3 3 9 1 4 5 3 4 1
split_gain=1.4908 1.66602 1.89731 1.7392 1.28354 0.779076 0.533497 0.363381 0.203442 0.00798786
threshold=88.300000000000026 469.00000000000006 540.00000000000011 25.958638845370704 595.50000000000011 75.050000000000011 11.500000000000002 386.00000000000006 91.200000000000017 715.50000000000011
decision_type=2 10 10 10 8 2 2 10 2 10
left_child=4 8 3 6 7 -6 -3 -1 -2 -4
right_child=1 2 9 -5 5 -7 -8 -9 -10 -11
leaf_value=0 -0.040255562304481796 0.20583425054208279 -0.0086036117901013513 -0 -0 0.082155646346565428 -0 -0.07737451554337503 0 0
leaf_weight=0.34222744032740626 0.82056711614131905 1.2517164647579195 0.65207021310925461 0.58334495127201069 0.66039024293422677 0.87528742849826813 0.061989940702915081 2.3583503663539886 0.33260760456323624 0.4223093986511231
leaf_count=3 5 6 8 4 3 4 1 21 2 2
internal_value=0 0.559476 0.958578 1.47954 -0.198273 0.237524 1.99404 -0.664365 -0.00983903 -0
internal_weight=0 4.12461 2.97143 1.89705 4.23626 1.53568 1.31371 2.70058 1.15317 1.07438
internal_count=59 28 21 11 31 7 7 24 7 10
shrinkage=0.0975091


Tree=26
num_leaves=10
num_cat=0
split_feature=4 9 1 11 1 6 4 10 1
split_gain=1.21903 1.31896 1.7891 2.11653 1.10868 0.946897 0.696822 0.499955 0.0933123
threshold=88.300000000000026 26.552857798258504 301.50000000000006 22.000000000000004 595.50000000000011 79.500000000000014 75.050000000000011 1.0000000180025095e-35 715.50000000000011
decision_type=2 10 10 2 8 2 2 2 10
left_child=4 2 -2 5 -1 7 -6 -4 -3
right_child=1 8 3 -5 6 -7 -8 -9 -10
leaf_value=-0.061581057175646638 -0 -0.029177392154292811 -0 -0 -0 0 0.076887145273910273 0.1841564390377185 0
leaf_weight=2.5789208114147186 0.54680594429373774 0.68787331879138935 0.067763932049275 0.41669453307986248 0.66039024293422677 0.45365761220455159 0.86995021998882283 1.8178825378417969 0.19739404320716855
leaf_count=24 6 4 1 4 3 4 4 8 1
internal_value=0 0.501697 0.818872 1.16589 -0.180236 1.53236 0.200534 1.79961 -0.037395
internal_weight=0 4.18807 3.3028 2.756 4.10926 2.3393 1.53034 1.88565 0.885267
internal_count=59 28 23 17 31 13 7 9 5
shrinkage=0.0975091


Tree=27
num_leaves=11
num_cat=0
split_feature=1 1 5 8 0 1 9 3 9 5
split_gain=2.68574 0.728676 0.609701 0.599556 0.400016 0.38736 0.523674 0.381772 0.355219 0.000859185
threshold=536.00000000000011 351.50000000000006 8.5000000000000018 inf 1.0000000180025095e-35 327.50000000000006 20.368035627060003 482.50000000000006 20.927116339025403 3.5000000000000004
decision_type=10 10 2 8 10 8 10 8 10 2
left_child=1 5 3 8 -3 6 -1 -7 -2 -9
right_child=2 4 -4 -5 -6 7 -8 9 -10 -11
leaf_value=0 -0 -0.07490697351577956 -0 -0 0 0.075862567339493092 -0.060345022506885074 0 0.13624111185693105 -0.0030145852161332595
leaf_weight=0.30898997932672534 0.074539519846439042 2.3006611801683907 0.17472532391548146 0.13544054329395305 0.38917307555675495 0.68531386554241147 1.3274703323841093 0.4167716950178148 1.5728200450539587 0.52496480941772461
leaf_count=2 1 24 2 1 2 3 11 2 8 3
internal_value=0 -0.266596 0.979317 1.14867 -0.620173 0 -0.25229 0.360046 1.30556 -0
internal_weight=0 5.95334 1.95753 1.7828 2.68983 3.26351 1.63646 1.62705 1.64736 0.941737
internal_count=59 47 12 10 26 21 13 8 9 5
shrinkage=0.0975091


Tree=28
num_leaves=11
num_cat=0
split_feature=1 1 6 9 1 5 0 9 11 1
split_gain=2.23267 0.658582 0.5636 0.639149 0.602264 0.552082 0.374253 0.271564 0.0650431 0.00923691
threshold=536.00000000000011 351.50000000000006 75.500000000000014 25.240287270055152 301.50000000000006 8.5000000000000018 1.0000000180025095e-35 20.927116339025403 6.0000000000000009 259.00000000000006
decision_type=10 10 2 10 10 2 10 10 2 10
left_child=1 2 -1 4 -4 7 -3 -2 -9 -5
right_child=5 6 3 9 -6 -7 -8 8 -10 -11
leaf_value=-0.046043092962420061 -0 -0.072017598456749557 -0 0 0.10555701768529469 -0 0 0 0.12504932131780747 -0.0093780267934888573
leaf_weight=0.92469259724020991 0.074539519846439251 2.1807461641728882 0.5245364196598532 0.22354517877101887 0.91922494769096352 0.17472532391548146 0.38917307555675495 0.36462090909481037 1.3045965135097501 0.62464839220046997
leaf_count=6 1 24 5 1 4 2 2 2 7 5
internal_value=0 -0.241982 0 0.320618 0.708791 0.903643 -0.588429 1.06988 1.14861 -0
internal_weight=0 5.78657 3.21665 2.29195 1.44376 1.91848 2.56992 1.74376 1.66922 0.848194
internal_count=59 47 21 15 9 12 26 10 9 6
shrinkage=0.0975091


Tree=29
num_leaves=10
num_cat=0
split_feature=3 0 6 4 3 9 3 9 9
split_gain=1.49005 0.935114 0.481365 0.379008 0.429075 0.332828 0.245913 0.244441 0.000848174
threshold=742.50000000000011 1.0000000180025095e-35 86.500000000000014 94.65000000000002 403.50000000000006 20.368035627060003 663.50000000000011 22.790596361545905 20.242899564933502
decision_type=10 8 2 2 10 10 10 10 10
left_child=1 2 3 4 -1 8 -3 -2 -6
right_child=7 6 -4 -5 5 -7 -8 -9 -10
leaf_value=0 -0 0.060096245604525596 0 0 -0.002943599369694161 -0.083856989617616867 -0 0.10536375471912009 0
leaf_weight=0.81247035786509503 0.074539519846439251 0.91075836122035969 0.30595246702432621 0.55360599607229211 0.55676019936800036 2.914393775165081 0.16021688282489777 1.0116161182522772 0.23942674696445465
leaf_count=5 1 4 2 4 5 30 1 6 1
internal_value=0 -0.130739 -0.375051 -0.486696 -0.583993 -0.716893 0.409311 0.969833 -0
internal_weight=0 6.45358 5.38261 5.07666 4.52305 3.71058 1.07098 1.08616 0.796187
internal_count=59 52 47 45 41 36 5 7 6
shrinkage=0.0975091


Tree=30
num_leaves=10
num_cat=0
split_feature=11 1 6 1 4 11 4 4 4
split_gain=2.44045 1.57249 0.559632 0.519557 0.44752 1.48833 0.763635 0.0475456 0.0255441
threshold=6.0000000000000009 296.00000000000006 80.500000000000014 715.50000000000011 90.450000000000017 34.000000000000007 73.850000000000009 91.200000000000017 75.050000000000011
decision_type=2 10 2 10 2 2 2 2 2
left_child=3 -2 4 -1 5 6 -3 -6 -5
right_child=1 2 -4 8 7 -7 -8 -9 -10
leaf_value=-0.054148600335151759 -0 -0 0 -0 -0 -0 0.17601348139317302 0.026130479108398649 0.016947439237844152
leaf_weight=1.4806350916624071 0.47096480429172505 0.1118277572095402 0.54974398761987675 0.12784680724143971 0.079358287155628524 0.22397349774837483 2.5261341780424118 2.0183716788887978 0.47165735065937042
leaf_count=15 4 2 5 1 1 2 15 12 2
internal_value=0 0.863887 1.03601 -0.146067 1.13529 1.49141 1.69819 0.224213 0
internal_weight=0 5.98037 5.50941 2.08014 4.95967 2.86194 2.63796 2.09773 0.599504
internal_count=59 41 37 18 32 19 17 13 3
shrinkage=0.0975091


Tree=31
num_leaves=14
num_cat=0
split_feature=3 11 5 6 1 1 4 4 1 11 3 4 4
split_gain=2.15434 2.68564 0.771661 0.757235 0.540053 0.598483 0.628399 0.68074 0.28801 0.256085 0.154226 0.0228821 0.00693933
threshold=439.50000000000006 6.0000000000000009 10.500000000000002 80.500000000000014 296.00000000000006 668.00000000000011 73.850000000000009 95.250000000000014 715.50000000000011 56.000000000000007 386.00000000000006 75.050000000000011 98.200000000000017
decision_type=10 2 2 2 10 10 2 2 10 2 8 2 2
left_child=10 8 3 4 -3 6 -6 9 -2 -8 -1 -10 -9
right_child=1 2 -4 -5 5 -7 7 12 11 -11 -12 -13 -14
leaf_value=0 -0.041913490795420873 -0 -0 0 -0 0 0.18097153722102904 -0 -0 -0 -0.048430344208376053 0.016053175233180273 0.010782972467842373
leaf_weight=0.25748098641633954 1.1849530152976511 0.11489099264144886 0.19902657717466343 0.54974398761987675 0.11182775720953976 0.41239197552204121 2.7548993080854425 0.66365958005189885 0.12784680724143971 0.035544797778129467 1.0473422110080719 0.47028093039989471 0.1934971809387207
leaf_count=2 13 2 2 5 2 2 16 4 1 1 6 2 1
internal_value=0 0.732498 1.09995 1.18499 1.31617 1.37655 1.49289 1.56428 -0.00307825 1.82343 -0.342027 0 0
internal_weight=0 6.81856 5.03548 4.83646 4.28671 4.17182 3.75943 3.6476 1.78308 2.79044 1.30482 0.598128 0.857157
internal_count=59 51 35 33 28 26 24 22 16 17 8 3 5
shrinkage=0.0975091


Tree=32
num_leaves=11
num_cat=0
split_feature=11 4 4 9 11 5 9 5 4 4
split_gain=1.61028 0.622654 0.829319 2.10088 1.3566 0.563291 0.464289 0.258102 0.000521001 0.0199792
threshold=6.0000000000000009 71.15000000000002 90.450000000000017 21.222957658243754 34.000000000000007 8.5000000000000018 24.730747302054251 5.5000000000000009 75.050000000000011 84.15000000000002
decision_type=2 2 2 10 2 2 10 2 2 2
left_child=7 -2 3 -3 -5 6 -4 8 -1 -10
right_child=1 2 5 4 -6 -7 -8 -9 9 -11
leaf_value=-0 -0 -0 0.089847778648009677 0.15454691109790189 -0 -0.026172232958692133 -0 -0.04166272564900745 0.015206880686029189 -0
leaf_weight=0.23703664541244496 0.24617826566100107 0.45542792975902591 0.73456656187772773 2.8155070394277577 0.22397349774837483 0.82543151825666417 0.89223899692296971 1.1731960140168665 0.46892528235912317 0.097367137670516954
leaf_count=2 2 3 4 17 2 7 6 13 2 1
internal_value=0 0.687345 0.76769 1.08501 1.39635 0 0.488212 -0.101773 0 0.0235395
internal_weight=0 6.19332 5.94715 3.49491 3.03948 2.45224 1.62681 1.97653 0.803329 0.566292
internal_count=59 41 39 22 19 17 10 18 5 3
shrinkage=0.0975091


Tree=33
num_leaves=11
num_cat=0
split_feature=5 6 3 4 2 6 4 3 4 6
split_gain=2.5783 0.867986 1.0474 1.0246 0.449341 0.360759 0.341165 0.216128 0.00919388 0.161705
threshold=7.5000000000000009 72.500000000000014 462.50000000000006 73.850000000000009 3.5000000000000004 86.500000000000014 97.750000000000014 491.50000000000006 68.800000000000026 76.500000000000014
decision_type=2 2 8 2 8 2 2 10 2 2
left_child=1 -1 -3 8 5 6 -5 -2 9 -4
right_child=7 2 3 4 -6 -7 -8 -9 -10 -11
leaf_value=-0 0 -0 -0 0.14335047641144866 -0 -0 -0 -0.057829466517737703 -0 0.041068670617531451
leaf_weight=0.24989148974418629 0.64949888363480601 0.59422015398740757 0.21074257791042303 2.6757556945085539 0.098933015018701442 0.073034904897212857 0.0657532438635825 1.6847687438130377 0.45305220037698746 0.58944537490606308
leaf_count=1 6 5 1 16 2 1 1 19 4 3
internal_value=0 0.681372 0.809876 0.986105 1.28638 1.35906 1.41638 -0.433095 0 0.0884888
internal_weight=0 5.01083 4.76094 4.16672 2.91348 2.81454 2.74151 2.33427 1.25324 0.800188
internal_count=59 34 33 28 20 18 17 25 8 4
shrinkage=0.0975091


Tree=34
num_leaves=9
num_cat=0
split_feature=5 9 6 4 2 11 4 4
split_gain=2.11663 0.849236 0.97628 0.609576 0.56989 0.367206 0.286466 0.118479
threshold=7.5000000000000009 21.222957658243754 72.500000000000014 44.45000000000001 2.5000000000000004 30.000000000000004 97.750000000000014 94.65000000000002
decision_type=2 10 2 2 10 2 2 2
left_child=1 -1 -3 -4 5 6 -5 -2
right_child=7 2 3 4 -6 -7 -8 -9
leaf_value=-0 -0.052686775380289146 -0 -0 0.12628299417745839 0 0 -0 -0
leaf_weight=0.41223365068435658 1.5424204804003241 0.24989148974418629 0.32809512317180622 2.9836772680282602 0.61604746803641308 0.3590484857559203 0.0657532438635825 0.7170155569911002
leaf_count=4 19 1 2 17 6 3 1 6
internal_value=0 0.605086 0.753066 0.896461 1.00109 1.1472 1.24954 -0.40923
internal_weight=0 5.01475 4.60251 4.35262 4.02453 3.40848 3.04943 2.25944
internal_count=59 34 30 29 27 21 18 25
shrinkage=0.0975091


Tree=35
num_leaves=7
num_cat=0
split_feature=1 3 3 5 1 2
split_gain=1.91216 1.06963 1.50295 1.32813 0.0806705 0.0599254
threshold=580.50000000000011 491.50000000000006 472.50000000000006 1.5000000000000002 402.00000000000006 1.5000000000000002
decision_type=8 10 10 2 10 10
left_child=1 2 5 4 -3 -1
right_child=-2 3 -4 -5 -6 -7
leaf_value=0 0.090709263327484704 0.035589222430814541 0.11082172424543595 -0.081458208548552874 -0 -0.023262894594210298
leaf_weight=0.14690242707729315 2.0318033769726753 0.41298370063304929 0.96389591693878163 2.7241827882826328 0.1198289766907692 0.83343416824936867
leaf_count=1 11 2 4 31 1 9
internal_value=0 -0.0634641 0.317669 -0.486151 0.163231 -0.0805861
internal_weight=0 5.20123 1.94423 3.257 0.532813 0.980337
internal_count=59 48 14 34 3 10
shrinkage=0.0975091


Tree=36
num_leaves=11
num_cat=0
split_feature=4 1 1 6 1 1 11 4 1 9
split_gain=2.10824 0.848562 0.813204 0.260252 0.255293 0.205136 0.459425 0.555572 0.385081 0.131891
threshold=85.40000000000002 342.50000000000006 503.00000000000006 86.500000000000014 307.00000000000006 385.50000000000006 6.0000000000000009 44.45000000000001 259.00000000000006 23.499425700621455
decision_type=2 10 10 2 10 10 2 2 8 10
left_child=2 4 5 -4 -2 6 -1 -8 -9 -6
right_child=1 -3 3 -5 9 -7 7 8 -10 -11
leaf_value=-0 -0.02932924058651001 -0.082731729408113311 0.11741488022615354 -0 -0 -0.017710043473087314 -0 -0 0.097594428161008051 0.04518793199722549
leaf_weight=0.36292292177677232 0.9217495061457156 2.269746782258153 1.0930739492177961 0.068164877593517192 0.12453213334083536 0.76241518557071664 0.21807265281677235 0.13583527505397763 1.1910304427146912 0.88307051360607136
leaf_count=2 10 20 5 1 1 7 1 2 6 4
internal_value=0 -0.480211 0.500549 1.10275 0 0 0.271057 0.571655 0.833869 0.316128
internal_weight=0 4.1991 3.83152 1.16124 1.92935 2.67028 1.90786 1.54494 1.32687 1.0076
internal_count=59 35 24 6 15 18 11 9 8 5
shrinkage=0.0975091


Tree=37
num_leaves=11
num_cat=0
split_feature=4 1 1 6 1 1 11 4 1 9
split_gain=1.7667 0.756628 0.751684 0.235708 0.217061 0.145063 0.395689 0.502826 0.352988 0.120019
threshold=85.40000000000002 503.00000000000006 342.50000000000006 86.500000000000014 307.00000000000006 385.50000000000006 6.0000000000000009 44.45000000000001 259.00000000000006 23.499425700621455
decision_type=2 10 10 2 10 10 2 2 8 10
left_child=1 5 4 -3 -2 6 -1 -8 -9 -6
right_child=2 3 -4 -5 9 -7 7 8 -10 -11
leaf_value=-0 -0.027741542041641084 0.10923385750372304 -0.079305579122562586 -0 -0 -0.016703756937934633 -0 -0 0.091622993614994958 0.04201880204939161
leaf_weight=0.36292292177677232 0.90190736204385746 1.0885723382234571 2.1587403044104576 0.068164877593517192 0.12453213334083536 0.75256262347102143 0.21807265281677235 0.13583527505397763 1.1703691482543945 0.88516032695770253
leaf_count=2 10 5 20 1 1 7 1 2 6 4
internal_value=0 0.44961 -0.455881 1.02229 0 0 0.222563 0.517161 0.775527 0.286775
internal_weight=0 3.7965 4.07034 1.15674 1.9116 2.63976 1.8872 1.52428 1.3062 1.00969
internal_count=59 24 35 6 15 18 11 9 8 5
shrinkage=0.0975091


Tree=38
num_leaves=11
num_cat=0
split_feature=4 1 1 6 1 9 1 11 4 1
split_gain=1.47965 0.704902 0.665182 0.214539 0.184335 0.109264 0.0995457 0.338099 0.455282 0.324329
threshold=85.40000000000002 503.00000000000006 342.50000000000006 86.500000000000014 307.00000000000006 23.499425700621455 385.50000000000006 6.0000000000000009 44.45000000000001 259.00000000000006
decision_type=2 10 10 2 10 10 10 2 2 8
left_child=1 6 4 -3 -2 -6 7 -1 -9 -10
right_child=2 3 -4 -5 5 -7 -8 8 9 -11
leaf_value=-0 -0.026229706302426905 0.10193178596335473 -0.076006192036821352 -0 -0 0.039095178000680721 -0.015751315903882807 -0 -0 0.086143172522255104
leaf_weight=0.36292292177677232 0.88338991627097152 1.0800049155950544 2.0543762091547251 0.068164877593517192 0.12453213334083536 0.88647978007793427 0.74333893880248059 0.21807265281677235 0.13583527505397763 1.1483474299311638
leaf_count=2 10 5 20 1 1 4 7 1 2 6
internal_value=0 0.402565 -0.43294 0.950203 0 0.259625 0 0.177304 0.466605 0.721753
internal_weight=0 3.75669 3.94878 1.14817 1.8944 1.01101 2.60852 1.86518 1.50226 1.28418
internal_count=59 24 35 6 15 5 18 11 9 8
shrinkage=0.0975091


end of trees

feature importances:
Simple_reaction_time_Ex5=66
BMIX4=52
CASIX4=51
Choice_reaction_time_Ex5=47
Olfaction_complete_Ex5_Ex4=46
Coffee_oz_Ex1=33
ECGage=29
new_BM_frequency=15
Sleepy_complete=8
TBI_LOC=5
new_smoke=2
HYPBP1=2

parameters:
[boosting: gbdt]
[objective: binary]
[metric: auc]
[tree_learner: serial]
[device_type: cpu]
[data: ]
[valid: ]
[num_iterations: 100]
[learning_rate: 0.0975091]
[num_leaves: 21]
[num_threads: 4]
[max_depth: 25]
[min_data_in_leaf: 1]
[min_sum_hessian_in_leaf: 0.001]
[bagging_fraction: 0.338711]
[pos_bagging_fraction: 1]
[neg_bagging_fraction: 1]
[bagging_freq: 3]
[bagging_seed: 3]
[feature_fraction: 0.762063]
[feature_fraction_bynode: 1]
[feature_fraction_seed: 2]
[early_stopping_round: 0]
[first_metric_only: 0]
[max_delta_step: 0]
[lambda_l1: 0.674952]
[lambda_l2: 0.373958]
[min_gain_to_split: 0]
[drop_rate: 0.1]
[max_drop: 50]
[skip_drop: 0.5]
[xgboost_dart_mode: 0]
[uniform_drop: 0]
[drop_seed: 4]
[top_rate: 0.2]
[other_rate: 0.1]
[min_data_per_group: 100]
[max_cat_threshold: 32]
[cat_l2: 10]
[cat_smooth: 10]
[max_cat_to_onehot: 4]
[top_k: 20]
[monotone_constraints: ]
[feature_contri: ]
[forcedsplits_filename: ]
[forcedbins_filename: ]
[refit_decay_rate: 0.9]
[cegb_tradeoff: 1]
[cegb_penalty_split: 0]
[cegb_penalty_feature_lazy: ]
[cegb_penalty_feature_coupled: ]
[verbosity: 1]
[max_bin: 181]
[max_bin_by_feature: ]
[min_data_in_bin: 3]
[bin_construct_sample_cnt: 200000]
[histogram_pool_size: -1]
[data_random_seed: 1]
[output_model: LightGBM_model.txt]
[snapshot_freq: -1]
[input_model: ]
[output_result: LightGBM_predict_result.txt]
[initscore_filename: ]
[valid_data_initscores: ]
[pre_partition: 0]
[enable_bundle: 1]
[max_conflict_rate: 0]
[is_enable_sparse: 1]
[sparse_threshold: 0.8]
[use_missing: 1]
[zero_as_missing: 0]
[two_round: 0]
[save_binary: 0]
[header: 0]
[label_column: ]
[weight_column: ]
[group_column: ]
[ignore_column: ]
[categorical_feature: ]
[predict_raw_score: 0]
[predict_leaf_index: 0]
[predict_contrib: 0]
[num_iteration_predict: -1]
[pred_early_stop: 0]
[pred_early_stop_freq: 10]
[pred_early_stop_margin: 10]
[convert_model_language: ]
[convert_model: gbdt_prediction.cpp]
[num_class: 1]
[is_unbalance: 0]
[scale_pos_weight: 1]
[sigmoid: 1]
[boost_from_average: 1]
[reg_sqrt: 0]
[alpha: 0.9]
[fair_c: 1]
[poisson_max_delta_step: 0.7]
[tweedie_variance_power: 1.5]
[max_position: 20]
[lambdamart_norm: 1]
[label_gain: ]
[metric_freq: 1]
[is_provide_training_metric: 0]
[eval_at: ]
[multi_error_top_k: 1]
[num_machines: 1]
[local_listen_port: 12400]
[time_out: 120]
[machine_list_filename: ]
[machines: ]
[gpu_platform_id: -1]
[gpu_device_id: -1]
[gpu_use_dp: 0]

end of parameters

pandas_categorical:[]
