tree
version=v3
num_class=1
num_tree_per_iteration=1
label_index=0
max_feature_idx=11
objective=binary sigmoid:1
feature_names=Sleepy_complete Simple_reaction_time_Ex5 new_BM_frequency Choice_reaction_time_Ex5 CASIX4 Olfaction_complete_Ex5_Ex4 ECGage new_smoke TBI_LOC BMIX4 HYPBP1 Coffee_oz_Ex1
feature_infos=[0:1] [1:1347] [0:4] [1:1812] [7.5:99] [0:12] [72:90] [0:2] [0:1] [14.8542690108118:33.738952304877699] [0:1] [0:64]
tree_sizes=1908 1782 2064 1619 1558 1373 1655 1367 1502 1698 1362 1855 1742 1608 1176 1688 1597 1174 1304 993 1321

Tree=0
num_leaves=18
num_cat=0
split_feature=1 6 1 1 5 3 3 1 6 6 1 5 1 6 6 6 3
split_gain=21.5322 3.63755 1.9716 3.50648 2.13873 2.54462 3.38135 4.11389 1.79302 1.78271 0.630006 0.538781 0.380656 2.36745 0.156222 1.61122 0.070322
threshold=527.50000000000011 79.500000000000014 430.00000000000006 303.50000000000006 3.5000000000000004 498.00000000000006 480.50000000000006 364.50000000000006 73.500000000000014 88.500000000000014 420.50000000000006 8.5000000000000018 815.50000000000011 75.500000000000014 80.500000000000014 82.500000000000014 457.50000000000006
decision_type=8 2 8 8 2 8 10 8 2 2 10 2 10 2 2 2 8
left_child=1 2 3 -1 -5 6 11 -8 -7 12 -10 16 13 -2 -15 -16 -6
right_child=9 -3 -4 4 5 8 7 -9 10 -11 -12 -13 -14 14 15 -17 -18
leaf_value=-1.072656088612655 -0.98082925301172641 -1.1056896388685571 -1.0904808406537712 -0.84194447034452291 -0.94817458412291444 -0.94817458412291467 -0.69324500909795828 -0.98082925301172641 -1.092297140868022 -0.98082925301172641 -0.98082925301172641 -1.0507226147347843 -0.98059697358969589 -0.73251088547547227 -0.98082925301172641 -0.82341847466513873 -0.98082925301172641
leaf_weight=3.7685950249433597 1.1900826394557942 6.3471074104309073 2.5785123854875556 1.190082639455796 0.79338842630386097 0.7933884263038643 0.99173553287982896 0.79338842630386364 2.7768594920635228 0.79338842630386341 0.79338842630386341 0.99173553287982918 0.99173553287982918 2.3801652789115906 0.79338842630386386 1.7851239591836927 0.79338842630386364
leaf_count=19 6 32 13 6 4 4 5 4 14 4 4 5 5 12 4 9 4
internal_value=0 -0.594179 -0.290149 -0.0863001 0.173773 -0 0.537732 1.59836 -0.537732 1.31199 -0.908078 -0 1.46969 1.60246 1.91144 1.07865 0.113505
internal_weight=0 22.6116 16.2645 13.686 9.91736 8.72727 4.36364 1.78512 4.36364 7.93388 3.57025 2.57851 7.1405 6.14876 4.95868 2.57851 1.58678
internal_count=154 114 82 69 50 44 22 9 22 40 18 13 36 31 25 13 8
shrinkage=1


Tree=1
num_leaves=17
num_cat=0
split_feature=3 9 2 9 3 3 3 3 9 2 9 3 3 9 3 3
split_gain=17.8153 7.44567 4.05128 1.90389 2.22003 2.75883 1.84623 1.64068 1.66387 1.38253 3.16127 4.58684 1.0657 0.478297 0.231955 0.166963
threshold=740.50000000000011 23.411680716473551 1.5000000000000002 23.563582090289454 498.00000000000006 487.50000000000006 857.50000000000011 538.50000000000011 26.378300029938405 2.5000000000000004 26.516141216402151 505.50000000000006 505.50000000000006 28.239234809643353 562.50000000000011 857.50000000000011
decision_type=8 8 8 10 10 10 8 8 8 8 10 8 10 10 10 10
left_child=2 6 12 4 5 -4 -2 9 14 10 11 -5 -1 -12 -9 -8
right_child=1 -3 3 7 -6 -7 15 8 -10 -11 13 -13 -14 -15 -16 -17
leaf_value=-0 0.14158715729386354 0.23448826091497649 -0.063049580601835631 0.21151628148113039 -0.1228140000478472 0.1194554835497199 0 0.031232260502383487 0.15457007486335442 -0.10617917000351491 -0.10179497710182696 -0.048548033648215319 0.14086160021544411 -0 -0.030066322204382274 -0.055079444228711215
leaf_weight=0.77637852728367451 0.81433345377445154 3.7502594143152237 3.6884777694940585 1.2076297104358642 6.5048042088747025 0.86499205231666543 1.4229758083820345 0.7969022840261476 0.78514912724494912 2.4857815206050873 2.1103161871433262 0.763203725218773 1.1820853054523466 0.79177145659923531 1.5529752969741819 0.79556201398372639
leaf_count=4 4 18 19 6 34 4 7 4 4 13 11 4 6 4 8 4
internal_value=0 1.43421 -0.401072 -0.54498 -0.851638 -0.143226 0.0425386 -0.159794 0.336922 -0.45775 -0.00648768 0.818933 0.845819 -0.785976 -0 -0.203391
internal_weight=0 6.78313 23.5105 21.552 11.0583 4.55347 3.03287 10.4937 3.13503 7.3587 4.87292 1.97083 1.95846 2.90209 2.34988 2.21854
internal_count=154 33 121 111 57 23 15 54 16 38 25 10 10 15 12 11
shrinkage=0.0984825


Tree=2
num_leaves=20
num_cat=0
split_feature=9 5 2 9 0 5 5 9 9 2 9 9 9 9 9 9 9 9 9
split_gain=10.1793 5.55734 1.80243 1.22363 1.08138 0.571178 1.12306 0.733439 0.616137 0.200697 0.765136 0.986271 0.416371 0.311768 0.45863 0.329749 0.156314 0.0326685 0.00604473
threshold=23.563582090289454 3.5000000000000004 1.5000000000000002 24.176776131495405 1.0000000180025095e-35 6.5000000000000009 9.5000000000000018 25.958638845370704 28.239234809643353 1.5000000000000002 22.868044268421055 19.690410800439853 20.398333864395152 21.908757716049404 21.436058039520152 20.927490436724053 22.483156769286154 26.193102947516852 20.150720424299255
decision_type=8 2 8 8 8 2 2 10 10 8 10 8 10 10 10 10 10 10 10
left_child=9 4 -3 -4 -2 7 8 -5 -7 -1 11 -11 18 14 15 -14 -15 -8 -13
right_child=1 2 3 5 -6 6 17 -9 -10 10 -12 12 13 16 -16 -17 -18 -19 -20
leaf_value=-0 0.077005906779950326 0.11712709093538466 0.065553351201026885 0.073618382887968195 0.23143684895311917 -0.10490814782686321 -0 -0.027533890084809894 -0 -0.10261871944977632 -0.11279166954452995 0 -0.057348189487813818 0.036511552195930629 -0.089209526822641744 0.0085042889238261827 -0.017535735685036524 0.019150343105483414 0.018966376666804414
leaf_weight=0.78985962271690435 3.7504747062921515 1.2623568773269624 1.6056926548480976 1.0590772330760967 1.6064819544553754 2.4425328075885777 1.1199786514043806 1.5149866193532942 0.76265691220760334 2.1183766275644276 3.6933864355087289 0.72993089258670862 0.90042440593242723 0.77835184335708651 1.5099086016416547 1.58145135641098 1.361506789922714 0.82752314209938049 0.83255641162395477
leaf_count=4 18 6 8 5 7 13 6 8 4 11 20 4 5 4 8 8 7 4 4
internal_value=0 0.547419 0.0623043 -0.02651 1.38242 -0.254453 -0.454902 0 -0.82323 -0.613149 -0.642416 -0.385231 -0.118344 -0.284274 -0.448482 -0 0 0 0.127973
internal_weight=0 15.9518 10.5948 9.33245 5.35696 7.72676 5.15269 2.57406 3.20519 14.2958 13.5059 9.81251 7.69413 6.13164 3.99178 2.48188 2.13986 1.9475 1.56249
internal_count=154 79 54 48 25 40 27 13 17 75 71 51 40 32 21 13 11 10 8
shrinkage=0.0984825


Tree=3
num_leaves=16
num_cat=0
split_feature=3 9 4 9 3 4 4 4 6 6 4 4 3 6 6
split_gain=11.7756 4.5573 3.46381 4.55815 2.82963 2.1803 5.15008 1.96508 1.08885 0.689022 0.487707 0.325555 0.222268 0.1173 0.195154
threshold=740.50000000000011 23.411680716473551 96.200000000000017 25.124080134986503 477.50000000000006 88.450000000000017 93.65000000000002 97.100000000000009 83.500000000000014 75.500000000000014 78.850000000000009 84.40000000000002 514.50000000000011 74.500000000000014 73.500000000000014
decision_type=8 8 2 10 10 2 2 2 2 2 2 2 10 2 2
left_child=2 8 3 9 -5 11 -7 -4 10 13 -2 -6 -13 14 -1
right_child=1 -3 7 4 5 6 -8 -9 -10 -11 -12 12 -14 -15 -16
leaf_value=-0 0.084868616532555591 0.17817102032627619 0.15450087165848209 -0.095220876871657714 0.021241401796654631 0.21342163027931549 -0.042666426653170081 -0 -0.067228822182312048 -0.10632360318215749 -0 0 -0.06939075427939792 -0 -0.06557146896867462
leaf_weight=0.7457715123891927 1.455472260713577 3.5579068213701248 1.0847918093204489 1.8472199290990818 0.82416911423206363 1.7213488072156908 0.73029209673404671 1.0884346514940262 0.9691430628299712 10.782498881220816 0.79275500774383534 0.7373947352170942 0.98637583851814281 1.5035885125398636 1.0489825755357742
leaf_count=4 7 15 5 10 4 8 4 6 5 59 4 4 5 8 6
internal_value=0 1.02862 -0.458432 -0.599395 0 0.460658 1.14272 0.599621 0 -0.925418 0.521037 -0 -0.40275 -0.224936 -0.395219
internal_weight=0 6.77528 23.1009 20.9276 6.8468 4.99958 2.45164 2.17323 3.21737 14.0808 2.24823 2.54794 1.72377 3.29834 1.79475
internal_count=154 31 123 112 35 25 12 11 16 77 11 13 9 18 10
shrinkage=0.0984825


Tree=4
num_leaves=15
num_cat=0
split_feature=3 11 3 5 3 3 5 3 5 3 3 5 5 3
split_gain=6.23103 4.20401 2.98125 1.8503 1.55967 3.02283 1.05451 0.641805 0.355346 1.38165 1.06792 0.864489 0.0152931 0.657239
threshold=740.50000000000011 10.000000000000002 528.50000000000011 6.5000000000000009 498.00000000000006 480.50000000000006 3.5000000000000004 655.50000000000011 6.5000000000000009 552.00000000000011 562.50000000000011 7.5000000000000009 8.5000000000000018 457.50000000000006
decision_type=8 2 8 2 8 10 2 10 2 10 10 2 2 10
left_child=1 4 -3 -2 5 12 -4 -8 10 -10 -6 -11 13 -1
right_child=3 2 6 -5 8 -7 7 -9 9 11 -12 -13 -14 -15
leaf_value=0.075222982203648411 0.10651064459628649 -0.10408565014891569 0.087559303553505705 -0 0 0.15472106387803503 -0.059795639401868585 0 -0.066733853894209799 0.14131889851320811 -0.089334189256356472 0 -0.0010235510726534945 -0.0039427425055913005
leaf_weight=1.1124757528305105 6.3871247172355643 6.5808669179677937 1.0056126862764365 1.0220889896154401 1.0074585527181636 2.0063554495573044 2.3305504918098454 0.99104434251785267 1.0568232089281084 0.81060735881328605 1.7230830043554304 1.3282934129238126 1.2586079835891721 1.2683490961790083
leaf_count=6 28 37 5 5 5 9 13 5 6 4 10 7 7 7
internal_value=0 -0.175123 -0.63481 0.872129 0.204211 0.596115 0 -0.262164 -0.0641895 0.00265305 -0.370533 0.635915 0 0.0791755
internal_weight=0 22.4801 10.9081 7.40921 11.5721 5.64579 4.32721 3.32159 5.92627 3.19572 2.73054 2.1389 3.63943 2.38082
internal_count=154 121 60 33 61 29 23 18 32 17 15 11 20 13
shrinkage=0.0984825


Tree=5
num_leaves=13
num_cat=0
split_feature=1 1 1 4 1 1 1 4 1 4 7 1
split_gain=10.0376 1.99751 1.94121 1.80248 1.20243 3.89825 1.20147 1.12393 0.733321 0.646316 0.421733 0.113103
threshold=527.50000000000011 438.50000000000006 297.00000000000006 79.600000000000009 581.00000000000011 768.50000000000011 375.00000000000006 86.450000000000017 237.00000000000003 81.15000000000002 1.0000000180025095e-35 364.50000000000006
decision_type=8 8 10 2 8 8 10 2 10 2 2 10
left_child=1 2 8 4 -2 -6 9 10 -1 -4 -8 -11
right_child=3 -3 6 -5 5 -7 7 -9 -10 11 -12 -13
leaf_value=0 -0.048904195132142531 -0.11006588182746987 -0.033943179483150204 0.14157080432186744 0.20839142621434831 -0 0.049791302192012443 -0.077743125153033693 -0.10392257493989919 0.039978524023844997 -0.0341916338406466 -0
leaf_weight=0.72313840687275932 0.76294688880443373 3.9380576163530341 0.68732866644859125 3.6512622535228729 1.1501574814319608 3.142918661236763 1.2726579308509824 3.1428088247776031 3.1450942158699036 6.1387925297021866 0.68621607124805439 0.74019429087638844
leaf_count=4 4 23 4 16 5 14 7 18 19 32 4 4
internal_value=0 -0.432413 -0.228883 0.843937 0.283568 0.571647 -0 -0.408469 -0.848233 0.21277 0 0.36166
internal_weight=0 20.4743 16.5362 8.70729 5.05602 4.29308 12.668 5.10168 3.86823 7.56632 1.95887 6.87899
internal_count=154 115 92 39 23 19 69 29 23 40 11 36
shrinkage=0.0984825


Tree=6
num_leaves=16
num_cat=0
split_feature=1 1 1 1 4 1 11 1 4 4 4 1 4 4 1
split_gain=6.77153 1.97879 1.72606 2.45615 1.23919 1.25248 0.895019 1.43559 1.32223 1.98208 0.341874 0.335597 0.356656 0.200628 0.0447256
threshold=527.50000000000011 815.50000000000011 438.50000000000006 303.50000000000006 79.600000000000009 581.00000000000011 10.000000000000002 375.00000000000006 96.200000000000017 84.850000000000009 88.450000000000017 420.50000000000006 89.450000000000017 64.050000000000026 527.50000000000011
decision_type=8 10 8 10 2 10 2 8 2 2 2 10 2 2 10
left_child=2 4 3 -1 5 13 7 10 9 -8 -5 12 -9 -2 -15
right_child=1 -3 -4 6 -6 -7 8 11 -10 -11 -12 -13 -14 14 -16
leaf_value=-0.10169805975118769 0.025062069792703857 -0.018882518395696438 -0.10526851205876614 0 0.12933682363524027 0.11224690536590208 0.018780804876976216 0 0.04189036533335444 -0.1049459480241046 0.069543648317239429 0 -0.079513812579942778 -0 -0.045389252421300257
leaf_weight=2.9285920858383276 1.1895149201154693 1.2750495970249165 3.6557772010564795 1.3254626542329759 3.7349662780761719 1.1659963726997373 0.81335300207137951 0.71736453473568085 0.7584102004766462 3.2832669317722321 3.7335227280855179 1.2697522044181822 1.2593372017145155 1.3326114863157275 0.74485346674919106
leaf_count=18 5 6 23 7 16 5 4 4 4 20 18 7 7 6 4
internal_value=0 0.620054 -0.402091 -0.20919 0.824334 0.263175 -0 0.174792 -0.361762 -0.66333 0.549403 -0.215484 -0.492365 -0 -0.23948
internal_weight=0 9.44299 19.7448 16.0891 8.16794 4.43298 13.1605 8.30544 4.85503 4.09662 5.05899 3.24645 1.9767 3.26698 2.07746
internal_count=154 42 112 89 36 20 71 43 28 24 25 18 11 15 10
shrinkage=0.0984825


Tree=7
num_leaves=13
num_cat=0
split_feature=2 9 9 9 9 9 9 2 9 2 9 9
split_gain=8.32076 4.48275 0.760926 1.23602 0.842448 0.739242 1.1543 0.527722 0.123434 0.093856 0.505272 0.0044987
threshold=1.5000000000000002 24.698371538919453 21.436058039520152 23.563582090289454 20.311745579689802 25.958638845370704 25.124080134986503 2.5000000000000004 23.943861587569153 2.5000000000000004 28.239234809643353 27.718068819702054
decision_type=8 8 10 8 10 10 8 10 10 8 10 10
left_child=-1 2 4 -4 -2 6 -3 -6 -5 10 -7 -11
right_child=1 5 3 8 7 9 -8 -9 -10 11 -12 -13
leaf_value=0.15601328748306195 -0.050730740160182364 -0 -0.10054289331238286 0 0.049166435617195636 -0 0.10130338202291957 -0.018122289411869798 -0.023121146021028015 -0 0.060596288520351232 -0.021868616257575153
leaf_weight=2.885465785861018 3.3260378092527416 1.4930804818868617 6.2274404764175388 1.115363121032716 2.1636843681335454 2.9418834745883942 2.5487612932920456 0.60946935415267933 2.2890231758356094 0.74141108989715554 1.4716430157423017 0.62624433636665344
leaf_count=13 20 8 38 6 11 15 11 4 13 4 7 4
internal_value=0 -0.196484 -0.541819 -0.740216 -0.122654 0.292212 0.62265 0.123005 -0.0371255 0 0.121488 -0.141662
internal_weight=0 25.554 15.731 9.63183 6.09919 9.82302 4.04184 2.77315 3.40439 5.78118 4.41353 1.36766
internal_count=154 141 92 57 35 49 19 15 19 30 22 8
shrinkage=0.0984825


Tree=8
num_leaves=14
num_cat=0
split_feature=1 2 3 1 3 3 1 3 3 2 3 3 1
split_gain=8.17191 2.66854 2.29321 1.4147 0.950238 0.758555 0.702254 2.16162 2.02828 0.606021 0.573906 0.306631 0.0958693
threshold=527.50000000000011 2.5000000000000004 510.50000000000006 364.50000000000006 461.00000000000006 483.50000000000006 880.50000000000011 761.00000000000011 697.00000000000011 1.5000000000000002 434.50000000000006 492.50000000000006 330.50000000000006
decision_type=8 10 10 10 10 10 10 10 10 10 10 10 10
left_child=1 2 4 12 9 -6 7 8 -2 -1 -11 -7 -4
right_child=6 -3 3 -5 5 11 -8 -9 -10 10 -12 -13 -14
leaf_value=0.021817219719558058 0.059871472490024294 -0.10891590379847406 -0.012914061647198818 -0.088485852143522212 0.10335893047082739 -0.034818546058262435 -0 0.15178896798322564 -0.083848842589286973 0 -0.083652535046406601 0.0332936874843918 0.024817148773808358
leaf_weight=0.81896835565567583 4.9349867999553645 4.786834940314292 0.58418798446655262 4.7526057809591293 1.6584127843379972 0.68057298660278354 0.82140028476715166 2.9206090271472931 0.85528840124607075 0.62078320980072055 1.5930096507072447 1.8623076975345609 1.3052184134721754
leaf_count=4 22 31 4 31 8 4 4 12 4 4 10 10 6
internal_value=0 -0.437847 -0.159515 -0.605861 0.164092 0.5114 0.694571 0.779752 0.279603 -0.110846 -0.517124 0 0
internal_weight=0 18.6629 13.8761 6.64201 7.23405 4.20129 9.53228 8.71088 5.79028 3.03276 2.21379 2.54288 1.88941
internal_count=154 112 81 41 40 22 42 38 26 18 14 14 10
shrinkage=0.0984825


Tree=9
num_leaves=17
num_cat=0
split_feature=3 2 3 1 4 1 1 1 1 4 2 4 3 4 4 3
split_gain=4.02141 3.85449 3.28872 2.61042 1.6285 1.35328 1.34129 1.21213 0.935938 0.802598 0.541411 0.45635 0.27309 0.616708 0.890267 0.911198
threshold=761.00000000000011 2.5000000000000004 510.50000000000006 768.50000000000011 80.550000000000026 375.00000000000006 297.00000000000006 581.00000000000011 337.50000000000006 96.750000000000014 1.5000000000000002 92.750000000000014 442.00000000000006 86.950000000000017 89.450000000000017 498.00000000000006
decision_type=8 10 10 10 2 10 10 10 8 2 10 2 10 2 2 10
left_child=1 2 4 -2 -1 8 -6 9 -4 10 -7 -3 -8 -14 -15 -16
right_child=3 11 5 -5 6 7 12 -9 -10 -11 -12 -13 13 14 15 -17
leaf_value=-0.038696243166842233 0.10666402263622843 -0.10863810399206741 -0.0042476013597348124 -0.0084701921049355495 -0 -0 0 0 0.10008772158147486 0 -0.10669462275010823 -0 0.21413786874095619 -0 0.12121591057816301 -0
leaf_weight=0.7630924582481482 5.0932903736829749 3.9992186576127997 1.2236292064189895 1.5650622844696043 1.0840603262186048 0.688292697072029 0.63012011349201191 0.90265558660030365 0.89813089370727517 0.64532010257244099 4.1857274696230888 0.92548586428165425 0.88089193403720834 1.3395497947931287 2.2240843027830128 0.7442226707935331
leaf_count=5 22 27 7 7 7 4 4 4 4 4 28 6 4 7 10 4
internal_value=0 -0.170201 0.0285467 0.714616 0.537349 -0.354443 0.733064 -0.609535 0.121173 -0.806271 -0.94813 -0.947569 0.930562 1.01126 0.611248 0.914591
internal_weight=0 21.1345 16.2098 6.65835 7.66602 8.54376 6.90293 6.422 2.12176 5.51934 4.87402 4.9247 5.81887 5.18875 4.30786 2.96831
internal_count=154 125 92 29 41 51 36 40 11 36 32 33 29 25 21 14
shrinkage=0.0984825


Tree=10
num_leaves=13
num_cat=0
split_feature=9 6 9 9 6 9 2 9 9 9 2 2
split_gain=2.56537 1.41868 2.27412 1.19923 1.12399 1.06089 1.58155 0.568473 0.42498 0.22138 0.148809 0.139271
threshold=23.563582090289454 80.500000000000014 27.718068819702054 25.124080134986503 75.500000000000014 24.176776131495405 2.5000000000000004 27.821323076758404 22.678510867667352 25.784054751284703 1.5000000000000002 2.5000000000000004
decision_type=8 2 10 8 2 10 8 8 10 10 10 10
left_child=4 2 3 5 8 6 -2 9 11 -3 -6 -1
right_child=1 7 -4 -5 10 -7 -8 -9 -10 -11 -12 -13
leaf_value=0.042378050306898278 0.13192769820791761 -0 -0.043902431535865233 0.096797344391303733 -0 -0.034322291235536491 -0 0.002386799949385635 -0.035882697108885107 -0.083788172658313953 -0.065653793957787226 -0
leaf_weight=1.800351619720461 1.3339610695838904 1.5724321976304052 1.6683169454336155 5.272237405180932 0.83374370634555806 1.6555837094783781 1.3135012984275816 1.1700908243656156 1.6519114971160886 1.2546754628419874 6.9693078845739365 0.7718713879585265
leaf_count=10 6 9 10 25 5 10 7 5 10 7 45 5
internal_value=0 0.220539 0.422787 0.641192 -0.390623 0.0717093 0.571858 -0.189877 0 -0.499057 -0.614964 0.277472
internal_weight=0 15.2408 11.2436 9.57528 12.0272 4.30305 2.64746 3.9972 4.22413 2.82711 7.80305 2.57222
internal_count=154 79 58 48 75 23 13 21 25 16 50 15
shrinkage=0.0984825


Tree=11
num_leaves=19
num_cat=0
split_feature=5 11 4 4 9 9 4 9 4 11 9 4 4 9 4 5 4 5
split_gain=4.87331 4.71129 2.96189 1.49263 1.33861 1.23631 0.671199 0.801841 0.536109 0.490978 0.39432 0.393578 0.304267 0.303815 0.137862 0.102153 0.0986406 0.0113587
threshold=3.5000000000000004 10.000000000000002 80.550000000000026 91.200000000000017 21.908757716049404 23.273396940761852 77.90000000000002 23.728631858810555 96.750000000000014 6.0000000000000009 28.239234809643353 71.450000000000017 88.950000000000017 25.682478091768804 60.000000000000007 7.5000000000000009 75.550000000000026 7.5000000000000009
decision_type=2 2 2 2 10 10 2 10 2 2 10 2 2 8 2 2 2 2
left_child=2 3 11 6 -4 -5 15 -8 10 -6 -3 14 17 -14 -1 -2 -13 -9
right_child=1 8 4 5 9 -7 7 12 -10 -11 -12 16 13 -15 -16 -17 -18 -19
leaf_value=0 0.057352169685581579 -0.091521109142109563 -0 0 0 0.13752906039638993 -0.082021614791409445 -0.03187534593360062 -0 0.17502387223847324 -0 -0.060808810160335069 0.070235992612240367 -0 0.054132350591861049 0 -0 -0
leaf_weight=0.94826804101467421 1.0717280954122559 8.2633961439132637 0.63025606423616443 1.2923098132014277 0.8293375521898273 1.4561775624752042 1.6978284195065496 1.4626518636941916 0.79677045345306463 2.4828380197286606 0.70038042962551195 0.84955403953790642 0.87266933917999234 0.78307904303073883 0.93099714815616608 0.65986054390668858 0.74473775923252095 0.69241301715373982
leaf_count=4 5 54 4 7 4 7 12 8 5 11 4 5 4 4 4 4 4 4
internal_value=0 -0.29413 0.651744 0.136028 1.24097 0.775426 -0.0222442 -0.26896 -0.79792 1.49318 -0.867528 -0 -0 0.306129 0.283924 0.393433 -0.38295 -0.257831
internal_weight=0 19.7493 7.41599 9.98872 3.94243 2.74849 7.24023 5.50864 9.76055 3.31218 8.96378 3.47356 3.81081 1.65575 1.87927 1.73159 1.59429 2.15506
internal_count=154 118 36 55 19 14 41 32 63 15 58 17 20 8 8 9 9 12
shrinkage=0.0984825


Tree=12
num_leaves=17
num_cat=0
split_feature=1 1 11 3 1 1 3 3 11 1 1 3 1 3 3 3
split_gain=4.11917 1.52126 1.38175 1.92804 0.934738 0.845584 1.25729 0.818022 0.275835 0.791056 0.609191 0.0858476 0.559093 0.389578 0.0739655 0.00762743
threshold=527.50000000000011 438.50000000000006 10.000000000000002 528.50000000000011 403.00000000000006 768.50000000000011 761.00000000000011 697.00000000000011 6.0000000000000009 305.50000000000006 405.50000000000006 480.50000000000006 316.50000000000006 520.50000000000011 552.00000000000011 1146.5000000000002
decision_type=8 8 2 10 10 10 8 10 2 10 10 10 10 10 8 8
left_child=1 2 8 4 -4 6 7 -2 11 -10 -11 12 -1 -13 -15 -7
right_child=5 -3 3 -5 -6 15 -8 -9 9 10 -12 13 -14 14 -16 -17
leaf_value=0 0.044062558123733213 -0.097145733161384071 -0.10517707216878336 0.01602476901562129 0 -0.0084824785600565444 0.098318989800977627 -0.067817758308143419 -0.016241921487877873 0.087714700254461306 -0 0.047571132336976477 -0.074132590102674131 -0.036775072418806995 0 0
leaf_weight=1.252551823854452 2.0711316913366304 3.2422586381435385 3.8803023472428313 1.4183091670274732 0.59413310885429371 0.9916988909244534 4.2715084403753281 0.79891014099121083 0.59890790283679995 2.0836533978581433 0.76477423310279824 1.4874894022941592 1.1017644852399824 0.73784887790679909 0.66505492478609096 0.88439296185970306
leaf_count=8 10 25 27 9 4 5 18 4 4 10 4 7 6 5 4 4
internal_value=0 -0.330682 -0.139454 -0.526418 -0.884946 0.4919 0.650392 0 0.05136 0.292893 0.609766 -0 -0.189495 0 -0.153697 -0
internal_weight=0 17.827 14.5848 5.89274 4.47444 9.01764 7.14155 2.87004 8.69205 3.44734 2.84843 5.24471 2.35432 2.89039 1.4029 1.87609
internal_count=154 113 88 40 31 41 32 14 48 18 14 30 14 16 9 9
shrinkage=0.0984825


Tree=13
num_leaves=16
num_cat=0
split_feature=5 6 2 7 2 6 5 2 2 6 5 2 7 5 5
split_gain=3.23193 2.26557 0.735412 1.25942 2.2983 0.672333 0.61073 0.481289 0.41356 0.412051 0.364272 0.294258 0.224747 0.0137212 0.0372432
threshold=3.5000000000000004 80.500000000000014 1.5000000000000002 1.0000000180025095e-35 2.5000000000000004 86.500000000000014 8.5000000000000018 2.5000000000000004 2.5000000000000004 77.500000000000014 9.5000000000000018 1.5000000000000002 1.0000000180025095e-35 5.5000000000000009 9.5000000000000018
decision_type=2 2 10 2 10 2 2 10 10 2 2 8 2 2 2
left_child=5 2 12 4 6 7 -4 -1 9 10 -5 -3 -2 -10 -15
right_child=1 11 3 8 -6 -7 -8 -9 13 -11 -12 -13 -14 14 -16
leaf_value=0.073996790542189508 -0 -0 0.091438671139794273 -0.08659042427648822 -0.079338233210377987 -0 0 0 0.0032456799416825835 -0 -0 -0.10478939749521513 0.064308397461600025 -0.026120362174708867 0
leaf_weight=5.0568099841475513 0.67802535742521597 0.7807181626558295 2.4101051241159426 3.5632575154304504 1.3166606351733205 1.1023446917533872 1.2373121604323385 1.0752947479486463 0.72158181667327903 1.4702916890382765 0.90812108665704716 3.5812404751777649 1.3512550890445707 0.67633958160877206 0.62342631071805954
leaf_count=25 4 4 12 22 9 5 8 6 4 9 6 25 6 5 4
internal_value=0 -0.285657 -0.0537427 -0.178219 0.125068 0.486629 0.637758 0.622993 -0.446242 -0.579347 -0.732479 -0.929687 0.42148 -0 -0.0982478
internal_weight=0 19.3183 14.9564 12.9271 4.96408 7.23445 3.64742 6.1321 7.96302 5.94167 4.47138 4.36196 2.02928 2.02135 1.29977
internal_count=154 118 89 79 29 36 20 31 50 37 28 29 10 13 9
shrinkage=0.0984825


Tree=14
num_leaves=11
num_cat=0
split_feature=3 9 5 8 9 9 9 9 3 9
split_gain=3.72366 2.53697 2.15531 2.13018 1.84252 1.03316 0.83309 3.2888 2.13878 0.418222
threshold=552.00000000000011 26.662388211057706 1.5000000000000002 1.0000000180025095e-35 21.908757716049404 20.398333864395152 23.728631858810555 25.784054751284703 498.00000000000006 24.835781801670901
decision_type=8 10 2 10 8 8 8 10 10 8
left_child=6 2 4 5 -2 -4 -1 8 -8 -10
right_child=1 -3 3 -5 -6 -7 7 -9 9 -11
leaf_value=-0.086348033623255258 -0 0.11672731758910064 0 0.078205048559482196 0.13952054942330969 -0.077110050539683228 0.12124231950639057 -0.087735927571168368 -0.062152954939634193 0
leaf_weight=6.4049811959266671 0.93899787217378483 2.0076226443052283 1.0614507794380186 0.97830592095851876 1.5871765315532682 5.2853872701525688 1.6797000244259845 3.9315192177891731 1.0523875877261157 0.8102959990501406
leaf_count=47 5 9 6 5 7 31 8 25 7 4
internal_value=0 0.167718 -0 -0.316871 0.743385 -0.590985 -0.565938 -0.212178 0.365344 -0.0902031
internal_weight=0 11.8589 9.85132 7.32514 2.52617 6.34684 13.8789 7.4739 3.54238 1.86268
internal_count=154 63 54 42 12 37 91 44 19 11
shrinkage=0.0984825


Tree=15
num_leaves=17
num_cat=0
split_feature=1 2 4 1 8 11 11 1 4 1 1 1 1 1 1 1
split_gain=2.95223 2.03536 1.51428 1.20865 1.11707 1.02881 0.606987 0.488346 0.196276 0.0404398 0.0199503 0.00972484 0.766161 0.0237615 0.214982 0.0202724
threshold=581.00000000000011 1.5000000000000002 94.65000000000002 880.50000000000011 inf 1.0000000180025095e-35 18.000000000000004 546.50000000000011 97.100000000000009 352.00000000000006 364.50000000000006 330.50000000000006 405.50000000000006 388.50000000000006 345.50000000000006 360.50000000000006
decision_type=10 8 2 10 8 2 2 10 2 10 10 10 10 10 10 10
left_child=1 6 4 -2 7 -4 9 11 10 -1 -7 -3 13 14 -13 -16
right_child=3 2 5 -5 -6 8 -8 -9 -10 -11 -12 12 -14 -15 15 -17
leaf_value=0 0.099932351106165912 -0.092088318426905472 0.10996835983842417 -0 0.010365550010207765 0.016047834066779933 -0 0 -0.046167880977833489 0.1085818080895368 -0 0 -0.066914656833106781 0 -0.051468120062607571 -0
leaf_weight=0.81971579790116011 3.2976478934288016 3.9962805807590476 0.85144564509391729 0.94338810443878163 1.1633235812187201 0.71490113437175773 0.7962115705013274 1.0473457425832755 0.85667187720537163 1.1427547335624693 0.9194856882095338 1.4421551153063759 4.8529067784547806 1.010093919932842 0.91191233694553364 0.75620286166667938
leaf_count=4 15 27 4 5 5 4 4 5 6 5 6 8 39 6 6 5
internal_value=0 -0.185038 -0.326566 0.721117 -0.473754 0.152186 0.530293 -0.567066 -0 0.834795 0 -0.620489 -0.406811 -0 -0.0868977 -0.374249
internal_weight=0 21.2814 18.5227 4.24104 15.1802 3.3425 2.75868 14.0169 2.49106 1.96247 1.63439 12.9696 8.97327 4.12036 3.11027 1.66812
internal_count=154 134 121 20 101 20 13 96 16 9 10 91 64 25 19 11
shrinkage=0.0984825


Tree=16
num_leaves=16
num_cat=0
split_feature=3 6 5 6 3 5 6 5 3 3 6 6 5 3 6
split_gain=3.59388 1.73491 0.641624 0.714035 0.546853 1.30208 0.536826 0.524452 0.522643 0.487955 0.467817 0.259084 0.0927399 0.0824547 0.0476659
threshold=615.50000000000011 73.500000000000014 8.5000000000000018 86.500000000000014 510.50000000000006 9.5000000000000018 74.500000000000014 2.5000000000000004 480.50000000000006 586.00000000000011 78.500000000000014 75.500000000000014 6.5000000000000009 434.50000000000006 74.500000000000014
decision_type=8 2 2 2 10 2 2 2 10 10 2 2 2 10 2
left_child=1 12 3 14 5 7 -6 -3 10 -8 13 -10 -1 -9 -2
right_child=2 4 -4 -5 6 -7 9 8 11 -11 -12 -13 -14 -15 -16
leaf_value=0 0 -0.062851440042836937 -0 -0 0 -0.086859507067909195 -0.1007250300611303 0.038494055731869967 -0 -0 -0.060650062761363581 0.071368046486705916 0.057212672459015693 -0 0.076702403792207899
leaf_weight=0.65704834461212414 0.80764377117156783 0.99441358447074701 0.43307219445705403 1.6405297517776487 0.54011356085538764 2.1044275760650635 4.1111563667654991 0.70268595218658525 0.68460895866155658 0.68255475908517838 1.116704575717449 1.6512764245271681 1.1871887221932409 1.4267298504710195 5.3995838835835457
leaf_count=4 5 6 4 8 4 16 34 4 4 4 10 9 8 9 25
internal_value=0 -0.328526 0.477218 0.567122 -0.471993 -0.204137 -0.785541 0 0.136437 -0.89287 -0 0.514194 0.412641 0.118609 0.721454
internal_weight=0 15.8589 8.28083 7.84776 14.0147 8.68085 5.33382 6.57642 5.58201 4.79371 3.24612 2.33589 1.84424 2.12942 6.20723
internal_count=154 112 42 38 100 58 42 42 36 38 23 13 12 13 30
shrinkage=0.0984825


Tree=17
num_leaves=11
num_cat=0
split_feature=5 11 10 8 2 5 5 11 5 11
split_gain=2.44419 1.40059 1.04455 0.319619 0.20244 0.154899 0.51298 0.8141 0.00573899 0.000791267
threshold=3.5000000000000004 10.000000000000002 1.0000000180025095e-35 1.0000000180025095e-35 1.5000000000000002 4.5000000000000009 7.5000000000000009 6.0000000000000009 9.5000000000000018 6.0000000000000009
decision_type=2 2 2 10 10 2 2 2 2 2
left_child=2 4 -1 -3 -2 -6 7 -7 -8 -4
right_child=1 3 9 -5 5 6 8 -9 -10 -11
leaf_value=0.096755458774814826 0.033595542985978583 -0.061762480959889413 -0 0 0.0086445982717613581 -0.076640758418611662 0.0050155802285213203 0 -0 0.0027389617091808914
leaf_weight=2.5464640855789211 1.5254166349768663 6.8696021884679785 1.1042722985148428 0.71068013459444035 0.79732982069253733 2.4341491907835007 2.1762042194604878 1.1852374225854876 1.5694484561681745 3.6936570629477501
leaf_count=12 8 51 6 5 5 15 14 7 11 20
internal_value=0 -0.239908 0.443332 -0.560933 0 -0.0502293 -0.151179 -0.431961 0 0.0208118
internal_weight=0 17.2681 7.34439 7.58028 9.68779 8.16237 7.36504 3.61939 3.74565 4.79793
internal_count=154 116 38 56 60 52 47 22 25 26
shrinkage=0.0984825


Tree=18
num_leaves=13
num_cat=0
split_feature=9 5 4 2 9 4 4 4 5 4 2 4
split_gain=2.93371 1.23469 1.50207 1.65164 0.6804 0.520579 1.12007 0.519939 0.44594 0.307202 0.161384 0.158642
threshold=23.563582090289454 3.5000000000000004 87.700000000000017 1.5000000000000002 24.416723190358052 83.850000000000009 76.350000000000009 95.250000000000014 1.0000000180025095e-35 86.450000000000017 2.5000000000000004 69.40000000000002
decision_type=8 2 2 10 10 2 2 2 2 2 10 2
left_child=7 5 4 -4 -3 6 11 8 -1 -6 -5 -2
right_child=1 2 3 10 9 -7 -8 -9 -10 -11 -12 -13
leaf_value=-0 0.035497175546497756 0 0.13248814224378463 0.016391563037051662 -0.091977068514072044 0 0.14223501839849764 0 -0.065820008372184602 -0 -0.023297207730797669 -0
leaf_weight=1.4080823287367836 1.1846581399440759 1.0249920487403854 1.2181652337312696 2.9750152975320816 2.1082413196563725 1.1836100593209264 1.648039326071739 1.3040825575590123 7.4079990386962891 0.71487968415021885 1.3566279783844946 0.77011409401893605
leaf_count=8 5 6 5 18 15 7 7 8 58 4 9 4
internal_value=0 0.211866 0 0.33287 -0.476797 0.623187 0.810998 -0.481978 -0.570314 -0.739433 0 0
internal_weight=0 14.1843 9.39792 5.54981 3.84811 4.78642 3.60281 10.1202 8.81608 2.82312 4.33164 1.95477
internal_count=154 80 57 32 25 23 16 74 66 19 27 9
shrinkage=0.0984825


Tree=19
num_leaves=9
num_cat=0
split_feature=2 0 5 11 5 11 5 11
split_gain=1.74494 1.02347 0.751138 1.03826 0.103019 0.0442775 0.0129885 0.00328175
threshold=2.5000000000000004 1.0000000180025095e-35 3.5000000000000004 10.000000000000002 6.5000000000000009 34.000000000000007 9.5000000000000018 1.0000000180025095e-35
decision_type=8 8 2 2 2 2 2 2
left_child=2 -2 -1 4 7 6 -5 -4
right_child=1 -3 3 5 -6 -7 -8 -9
leaf_value=0.052952513449218509 -0.063043796559034124 0.0091203625530137111 0.0050237824394478011 -0.030439339758208537 0.041197885059858073 0 -0 -0
leaf_weight=5.7267874404788079 4.5950666740536681 1.0150239616632459 1.2247000783681852 3.7829383984208107 4.7949365824460983 0.66485241055488575 0.93364562094211556 1.1318351626396179
leaf_count=29 38 5 6 26 29 4 9 8
internal_value=0 -0.395562 0.225073 0.0306485 0.321392 -0.238279 -0.272093 0
internal_weight=0 5.61009 18.2597 12.5329 7.15147 5.38144 4.71658 2.35654
internal_count=154 43 111 82 43 39 35 14
shrinkage=0.0984825


Tree=20
num_leaves=13
num_cat=0
split_feature=9 3 3 3 9 9 3 9 9 9 9 3
split_gain=3.24082 1.85929 2.24152 1.11004 0.631762 0.312867 0.244041 1.56069 0.267638 0.200966 0.0922472 0.00680638
threshold=24.698371538919453 740.50000000000011 498.00000000000006 477.50000000000006 20.311745579689802 23.273396940761852 454.00000000000006 22.678510867667352 22.922724614827604 24.963498707667753 27.821323076758404 477.50000000000006
decision_type=8 8 10 8 10 10 10 10 8 8 10 10
left_child=1 2 6 10 -3 -6 8 -8 -1 -5 -2 -9
right_child=3 4 -4 9 5 -7 7 11 -10 -11 -12 -13
leaf_value=-0.054421476222074466 0 -0 -0.089249201143771134 0 0.081435572693734873 0 0.1120179147105122 -0 0 0.071717770260157424 -0.034259765203690527 -0.023825938253044122
leaf_weight=1.094541415572166 0.97142367810010621 1.0170810967683799 5.4464556984603405 1.142857328057288 1.7275326699018481 1.2654780000448225 1.2741821408271792 0.65060393512248971 0.54826847463846218 7.5055172219872484 0.72582125663757313 0.6157396137714386
leaf_count=11 6 5 48 7 8 6 8 4 4 38 5 4
internal_value=0 -0.220293 -0.483689 0.508889 0.254221 0.543016 0 0.254046 -0.215142 0.661355 -0 -0.155165
internal_weight=0 13.6399 9.62979 10.3456 4.01009 2.99301 4.18334 2.54053 1.64281 8.64837 1.69724 1.26634
internal_count=154 98 79 56 19 14 31 16 15 45 11 8
shrinkage=0.0984825


end of trees

feature importances:
BMIX4=56
Choice_reaction_time_Ex5=53
Simple_reaction_time_Ex5=48
CASIX4=36
Olfaction_complete_Ex5_Ex4=32
new_BM_frequency=24
ECGage=21
Coffee_oz_Ex1=14
new_smoke=3
TBI_LOC=3
Sleepy_complete=2
HYPBP1=1

parameters:
[boosting: gbdt]
[objective: binary]
[metric: auc]
[tree_learner: serial]
[device_type: cpu]
[data: ]
[valid: ]
[num_iterations: 100]
[learning_rate: 0.0984825]
[num_leaves: 25]
[num_threads: 4]
[max_depth: 39]
[min_data_in_leaf: 4]
[min_sum_hessian_in_leaf: 0.001]
[bagging_fraction: 0.827927]
[pos_bagging_fraction: 1]
[neg_bagging_fraction: 1]
[bagging_freq: 1]
[bagging_seed: 3]
[feature_fraction: 0.45368]
[feature_fraction_bynode: 1]
[feature_fraction_seed: 2]
[early_stopping_round: 0]
[first_metric_only: 0]
[max_delta_step: 0]
[lambda_l1: 0.633939]
[lambda_l2: 0.0364375]
[min_gain_to_split: 0]
[drop_rate: 0.1]
[max_drop: 50]
[skip_drop: 0.5]
[xgboost_dart_mode: 0]
[uniform_drop: 0]
[drop_seed: 4]
[top_rate: 0.2]
[other_rate: 0.1]
[min_data_per_group: 100]
[max_cat_threshold: 32]
[cat_l2: 10]
[cat_smooth: 10]
[max_cat_to_onehot: 4]
[top_k: 20]
[monotone_constraints: ]
[feature_contri: ]
[forcedsplits_filename: ]
[forcedbins_filename: ]
[refit_decay_rate: 0.9]
[cegb_tradeoff: 1]
[cegb_penalty_split: 0]
[cegb_penalty_feature_lazy: ]
[cegb_penalty_feature_coupled: ]
[verbosity: 1]
[max_bin: 122]
[max_bin_by_feature: ]
[min_data_in_bin: 3]
[bin_construct_sample_cnt: 200000]
[histogram_pool_size: -1]
[data_random_seed: 1]
[output_model: LightGBM_model.txt]
[snapshot_freq: -1]
[input_model: ]
[output_result: LightGBM_predict_result.txt]
[initscore_filename: ]
[valid_data_initscores: ]
[pre_partition: 0]
[enable_bundle: 1]
[max_conflict_rate: 0]
[is_enable_sparse: 1]
[sparse_threshold: 0.8]
[use_missing: 1]
[zero_as_missing: 0]
[two_round: 0]
[save_binary: 0]
[header: 0]
[label_column: ]
[weight_column: ]
[group_column: ]
[ignore_column: ]
[categorical_feature: ]
[predict_raw_score: 0]
[predict_leaf_index: 0]
[predict_contrib: 0]
[num_iteration_predict: -1]
[pred_early_stop: 0]
[pred_early_stop_freq: 10]
[pred_early_stop_margin: 10]
[convert_model_language: ]
[convert_model: gbdt_prediction.cpp]
[num_class: 1]
[is_unbalance: 0]
[scale_pos_weight: 1]
[sigmoid: 1]
[boost_from_average: 1]
[reg_sqrt: 0]
[alpha: 0.9]
[fair_c: 1]
[poisson_max_delta_step: 0.7]
[tweedie_variance_power: 1.5]
[max_position: 20]
[lambdamart_norm: 1]
[label_gain: ]
[metric_freq: 1]
[is_provide_training_metric: 0]
[eval_at: ]
[multi_error_top_k: 1]
[num_machines: 1]
[local_listen_port: 12400]
[time_out: 120]
[machine_list_filename: ]
[machines: ]
[gpu_platform_id: -1]
[gpu_device_id: -1]
[gpu_use_dp: 0]

end of parameters

pandas_categorical:[]
