tree
version=v3
num_class=1
num_tree_per_iteration=1
label_index=0
max_feature_idx=11
objective=binary sigmoid:1
feature_names=Sleepy_complete Simple_reaction_time_Ex5 new_BM_frequency Choice_reaction_time_Ex5 CASIX4 Olfaction_complete_Ex5_Ex4 ECGage new_smoke TBI_LOC BMIX4 HYPBP1 Coffee_oz_Ex1
feature_infos=[0:1] [240:1347] [0:4] [364:1812] [2.5:99] [0:12] [72:90] [0:2] [0:1] [14.6411231134028:39.3445072771772] [0:1] [0:60]
tree_sizes=1606 1811 1103 2067 1600 1727 1785

Tree=0
num_leaves=15
num_cat=0
split_feature=1 1 5 6 3 1 3 3 5 3 1 1 3 1
split_gain=11.0153 5.91622 5.55109 5.41784 2.35207 2.14137 4.90454 4.95922 1.6799 1.1526 0.920342 1.16592 1.02173 0.233134
threshold=573.50000000000011 769.50000000000011 1.0000000180025095e-35 76.500000000000014 772.50000000000011 304.50000000000006 492.50000000000006 439.50000000000006 8.5000000000000018 674.50000000000011 548.50000000000011 452.50000000000006 548.00000000000011 379.00000000000006
decision_type=8 10 10 2 10 8 8 10 10 10 10 10 10 10
left_child=2 4 -1 5 9 -4 7 -7 -9 -2 11 12 13 -8
right_child=1 -3 3 -5 -6 6 10 8 -10 -11 -12 -13 -14 -15
leaf_value=-0.86501504500794124 -0.86889983266645499 -1.0179099728414789 -1.0980227876305939 -1.094988438855526 -0.68793401206456017 -1.0534648195268888 -1.000631880307906 -0.74259086754005232 -0.96685827084768372 -1.000631880307906 -0.96582024751816908 -1.1046919239059192 -0.93962261149899917 -1.0799325124173447
leaf_weight=1.5724360942840636 1.9655451178550714 1.3758815824985502 1.7689906060695655 11.400161683559416 1.3758815824985502 0.78621804714202814 0.78621804714203003 1.5724360942840578 1.3758815824985502 0.7862180471420287 0.7862180471420287 2.1620996296405792 1.179327070713043 1.179327070713043
leaf_count=8 10 7 9 58 7 4 4 8 7 4 4 11 6 6
internal_value=0 1.23452 -0.323835 -0.469653 1.85417 0 0.195171 1.12929 1.78702 0.933441 -0.277243 -0.491096 -0 -0.526595
internal_weight=0 5.50353 24.5693 22.9969 4.12764 11.5967 9.82773 3.73454 2.94832 2.75176 6.09319 5.30697 3.14487 1.96555
internal_count=153 28 125 117 21 59 50 19 15 14 31 27 16 10
shrinkage=1


Tree=1
num_leaves=18
num_cat=0
split_feature=2 0 9 3 9 9 9 3 3 3 3 9 2 3 9 3 3
split_gain=12.4651 8.03931 4.4687 1.69038 2.81235 2.66728 1.94117 3.14688 2.7315 2.45178 1.18598 1.0818 0.907434 0.830222 0.444192 0.191442 3.01049
threshold=1.5000000000000002 1.0000000180025095e-35 23.999955006802153 757.00000000000011 26.336014754140006 23.688209958193255 25.284231394756052 497.00000000000006 469.00000000000006 477.00000000000006 505.50000000000006 26.336014754140006 2.5000000000000004 599.50000000000011 23.402413886137353 555.50000000000011 486.50000000000006
decision_type=8 8 8 8 8 10 10 10 10 10 10 10 8 10 10 8 10
left_child=15 3 -3 6 5 -5 7 8 14 -8 11 -11 -10 -12 -2 16 -1
right_child=1 2 -4 4 -6 -7 9 -9 12 10 13 -13 -14 -15 -16 -17 -18
leaf_value=0.20083740749625506 -0.097982990583693821 -0 0.22723596116414072 -0 -0.080601930811078581 0.22311037909682288 -0.099930842879917978 -0.10677751929192113 0.12910123046130198 -0 -0.074344350667901613 0.14769741263197711 -0 0.033541958869022628 -0 0.28264510026793876 -0
leaf_weight=1.2393132299184833 1.9059412032365901 1.0017689764499658 1.6804784983396528 0.83393231034278803 1.1832239329814909 0.87599502503871907 1.9361376762390126 10.126587778329847 1.2207288146018977 0.75978894531726815 1.1330224722623827 1.1588959693908689 0.77488508820533764 1.37544509768486 0.78199043869972229 1.0011932551860807 0.9740507900714872
leaf_count=6 10 5 8 4 6 4 10 53 6 4 6 6 4 7 4 5 5
internal_value=0 -0.260801 1.31092 -0.46399 0.0833047 1.07435 -0.568676 -0.769901 -0 -0 0.307026 0.906538 0.785242 -0 -0.736686 1.81 1.01002
internal_weight=0 26.7488 2.68225 24.0666 2.89315 1.70993 21.1734 14.8101 4.68355 6.36329 4.42715 1.91868 1.99561 2.50847 2.68793 3.21456 2.21336
internal_count=153 137 13 124 14 8 110 77 24 33 23 10 10 13 14 16 11
shrinkage=0.0984825


Tree=2
num_leaves=10
num_cat=0
split_feature=2 5 9 9 5 9 5 0 2
split_gain=8.65563 7.29014 1.94971 2.31603 2.01928 0.863765 0.64167 0.0586827 0.105109
threshold=1.5000000000000002 2.5000000000000004 21.513167169573155 23.688209958193255 1.0000000180025095e-35 24.736576489238406 4.5000000000000009 1.0000000180025095e-35 2.5000000000000004
decision_type=8 10 10 10 10 10 10 10 8
left_child=5 2 -2 -4 -5 -1 7 8 -3
right_child=1 6 3 4 -6 -7 -8 -9 -10
leaf_value=0.056808396329823339 0.22127745405513111 -0 -0.070826267795969636 0.20422154488515948 0 0.24157700549784625 -0.0609896702265008 0.00046519011199178193 -0.045072359709443802
leaf_weight=2.1261806190013917 0.87903079390526062 1.4972243607044253 0.99731181561946891 0.90951985120773315 1.8189326673746109 1.08845679461956 18.78920666873455 0.89390546083450306 0.74543483555316914
leaf_count=10 4 8 5 4 9 5 100 4 4
internal_value=0 -0.289553 0.795775 0.266466 0.860752 1.42746 -0.547298 -0 -0.160434
internal_weight=0 26.5306 4.6048 3.72576 2.72845 3.21464 21.9258 3.13656 2.24266
internal_count=153 138 22 18 13 15 116 16 12
shrinkage=0.0984825


Tree=3
num_leaves=21
num_cat=0
split_feature=3 9 9 3 9 3 9 4 6 3 6 6 6 4 9 3 6 4 3 4
split_gain=5.32381 2.17419 2.19821 1.87535 4.28064 2.17572 3.35362 1.59733 3.08947 1.1452 1.00697 0.907604 1.59291 0.744625 0.725387 0.675858 0.7124 0.403117 0.353825 0.59443
threshold=796.00000000000011 26.336014754140006 23.182230046156903 492.50000000000006 25.284231394756052 469.00000000000006 22.661583536336504 84.450000000000017 79.500000000000014 641.00000000000011 73.500000000000014 77.500000000000014 82.500000000000014 94.65000000000002 26.694924222752554 482.50000000000006 74.500000000000014 89.450000000000017 421.00000000000006 91.450000000000017
decision_type=8 10 8 10 10 10 10 2 2 8 2 2 2 2 10 10 2 2 10 2
left_child=3 2 -2 5 9 13 -7 8 -6 10 -5 -11 -13 18 -9 16 -8 -16 -1 -20
right_child=1 -3 -4 4 7 6 15 14 -10 11 -12 12 -14 -15 17 -17 -18 -19 19 -21
leaf_value=-0 0 -0 0.18580999188789976 0 0.22527517757003773 0.18624447254739304 -0 0.026004459704613309 -0 -0.079915653881923995 -0.11874770523748657 0.13134805264586913 -0.034913040698615005 0 0 -0.068483072378652782 0.091875839012467611 -0.085380259328086239 -0.10140584601966469 -0
leaf_weight=0.74684099853039343 1.2370260357856744 1.0350815206766126 2.0856545269489288 0.74031059443950276 0.867613285779952 1.2754558324813841 0.97979725897312175 0.80084586143493675 0.96634531021118164 1.2887110859155666 7.3938180953264236 0.83316272497177102 0.69336478412151337 1.0360486507415769 0.73389856517314944 0.9762771427631376 0.99598859250545502 1.4635585993528364 2.3501150459051137 0.74552913010120381
leaf_count=4 6 5 9 4 4 6 5 4 5 7 42 4 4 5 4 5 5 8 13 4
internal_value=0 0.850925 1.26271 -0.323367 -0.532278 0 0.560227 0.143981 0.936661 -0.887922 -1.09495 -0.0611004 0.17092 -0.412783 -0.137406 -0 0.304156 -0.569416 -0.638645 -0.786187
internal_weight=0 4.35776 3.32268 24.8877 15.7816 9.10605 4.22752 4.83226 1.83396 10.9494 8.13413 2.81524 1.52653 4.87853 2.9983 2.95206 1.97579 2.19746 3.84249 3.09564
internal_count=153 20 15 133 86 47 21 25 9 61 46 15 8 26 16 15 10 12 21 17
shrinkage=0.0984825


Tree=4
num_leaves=16
num_cat=0
split_feature=5 3 3 5 3 5 5 3 5 3 3 3 3 5 3
split_gain=8.52736 2.54798 3.15903 1.93986 1.75794 1.16997 1.95804 0.974548 0.839509 0.71247 0.360757 0.544679 1.04939 0.295142 0.102849
threshold=7.5000000000000009 505.50000000000006 757.00000000000011 6.5000000000000009 439.50000000000006 1.5000000000000002 5.5000000000000009 548.00000000000011 2.5000000000000004 607.50000000000011 649.50000000000011 492.50000000000006 469.00000000000006 6.5000000000000009 482.50000000000006
decision_type=10 10 10 10 8 8 10 10 10 8 10 8 10 8 10
left_child=1 3 5 4 -1 9 -7 -8 -4 -3 11 12 -2 -9 -14
right_child=10 2 8 -5 -6 6 7 13 -10 -11 -12 -13 14 -15 -16
leaf_value=-0 -0.084261226468963654 0.111336802647959 0 -0 0.14385134952393028 -0.10134569523938756 -0.066969958038449892 0 0.15094662886391086 -0 -0 -0.094012761754706298 0.026421659848778794 0.064345526395062622 -0
leaf_weight=0.79704540967941884 1.5494860261678671 0.86776256561278997 1.0632250607013696 1.4906853288412092 5.0603368729352951 2.5774942934513101 1.139422535896301 1.3548133224248888 1.7247036993503568 0.80253562331199646 1.557412415742873 5.0921067893505105 1.4093103259801867 1.6640897393226621 0.97079785168170907
leaf_count=4 9 4 5 8 23 15 7 7 8 4 8 30 7 9 5
internal_value=0 0.510972 0.140633 0.985822 1.2437 -0.0993324 -0.345861 0 1.08057 0.50957 -0.604639 -0.684305 -0.168635 0.375498 0.0224118
internal_weight=0 18.5421 11.194 7.34807 5.85738 8.40612 6.73582 4.15833 2.78793 1.6703 10.5791 9.0217 3.92959 3.0189 2.38011
internal_count=153 94 59 35 27 46 38 23 13 8 59 51 21 16 12
shrinkage=0.0984825


Tree=5
num_leaves=17
num_cat=0
split_feature=1 4 4 1 1 1 1 1 1 1 4 1 4 1 4 4
split_gain=6.43485 3.30676 2.119 2.06317 2.06283 2.46989 1.0786 1.04779 0.933568 1.36321 0.684263 0.47915 0.409767 0.446262 0.361812 0.240696
threshold=521.50000000000011 95.250000000000014 97.100000000000009 769.50000000000011 379.00000000000006 286.00000000000006 579.50000000000011 564.50000000000011 345.50000000000006 331.00000000000006 88.700000000000017 548.50000000000011 71.65000000000002 502.00000000000006 91.450000000000017 84.450000000000017
decision_type=8 2 2 10 10 8 10 10 10 10 2 8 2 10 2 2
left_child=1 4 -3 6 5 -1 7 11 9 10 15 -2 -6 -14 -10 -7
right_child=3 2 -4 -5 12 8 -8 -9 14 -11 -12 -13 13 -15 -16 -17
leaf_value=-0.099080859238624183 0 0.14650399193453809 -0 -0.012483112571292232 -0 0.022962911614759402 0.16276899342578802 -0 0.085393385072840292 -0.084421365134508833 0.096086844082575285 0.096513415102101235 -0.10130159472218656 -0 0 -0.048641239509295386
leaf_weight=2.2687791287899097 1.7680907100439052 1.4324335604906075 1.0903950929641721 1.225189521908759 0.76047776639461329 0.81564304232597451 2.2604936808347702 1.1148675382137296 1.9213385432958603 1.5409219712018964 0.89680051803588845 3.1770434230566025 6.3709603399038315 0.87333020567893971 0.71709752082824696 0.76034528017044067
leaf_count=13 9 7 6 6 4 4 10 6 10 9 4 14 38 5 4 4
internal_value=0 -0.297579 0.664951 0.701266 -0.479541 -0.0668205 0.89907 0.505743 0.162478 -0.000625091 0.285218 0.72343 -0.858275 -0.932663 0.644224 -0
internal_weight=0 19.4485 2.52283 9.54568 16.9257 8.92093 8.3205 6.06 6.65215 4.01371 2.47279 4.94513 8.00477 7.24429 2.63844 1.57599
internal_count=153 108 13 45 95 48 39 29 35 21 12 23 47 43 14 8
shrinkage=0.0984825


Tree=6
num_leaves=17
num_cat=0
split_feature=1 1 1 1 11 1 1 11 11 4 11 11 1 11 4 4
split_gain=4.1429 3.23747 2.46951 2.15811 1.80423 1.32971 1.08006 1.65119 1.68056 2.35818 1.37219 1.26292 0.959228 0.187602 0.171578 0.0720436
threshold=521.50000000000011 769.50000000000011 439.00000000000006 286.00000000000006 22.000000000000004 539.00000000000011 379.00000000000006 18.000000000000004 1.0000000180025095e-35 82.65000000000002 26.000000000000004 10.000000000000002 428.00000000000006 14.000000000000002 87.200000000000017 85.950000000000017
decision_type=8 10 8 8 2 10 8 2 2 2 2 2 10 2 2 2
left_child=2 4 3 -1 5 15 7 8 -5 -10 12 -11 -8 -13 -6 -2
right_child=1 -3 -4 6 14 -7 10 -9 9 11 -12 13 -14 -15 -16 -17
leaf_value=-0.097990412550462438 0.023942993437805538 -0.080695066771431054 -0.10557440973685406 -0.016860209571775902 -0.046078912802834132 0.13899792684914933 -0.099127918420192182 -0.067920769902383493 -0.035782979068252882 0.15618384922387482 0.034018062086044625 -0 -0 0.041573614949244296 0.0015476008269863033 -0
leaf_weight=2.3496592491865202 1.6681671887636169 1.1870115697383878 3.9032811522483817 1.304784059524535 0.74631914496421792 3.7346934676170349 2.5778407752513894 0.95737218856811523 0.69128982722759236 2.7158892005681992 1.2320382595062254 0.91840460896492004 1.6079314202070234 1.2063705325126648 0.84000606834888447 0.79864864051341999
leaf_count=14 7 6 25 7 4 17 16 5 4 13 6 5 10 6 4 4
internal_value=0 0.470044 -0.340596 -0.114418 0.7505 0.997858 0 0.279441 0.510319 0.784979 -0.293109 1.08044 -0.632557 0.125188 -0 0.107095
internal_weight=0 8.97485 19.4649 15.5616 7.78783 6.20151 13.2119 7.79411 6.83674 5.53195 5.41781 4.84066 4.18577 2.12478 1.58633 2.46682
internal_count=153 42 111 86 36 28 72 40 35 28 32 24 26 11 8 11
shrinkage=0.0984825


end of trees

feature importances:
Choice_reaction_time_Ex5=28
Simple_reaction_time_Ex5=23
BMIX4=14
CASIX4=13
Olfaction_complete_Ex5_Ex4=11
ECGage=6
Coffee_oz_Ex1=6
new_BM_frequency=4
Sleepy_complete=2

parameters:
[boosting: gbdt]
[objective: binary]
[metric: auc]
[tree_learner: serial]
[device_type: cpu]
[data: ]
[valid: ]
[num_iterations: 100]
[learning_rate: 0.0984825]
[num_leaves: 25]
[num_threads: 4]
[max_depth: 39]
[min_data_in_leaf: 4]
[min_sum_hessian_in_leaf: 0.001]
[bagging_fraction: 0.827927]
[pos_bagging_fraction: 1]
[neg_bagging_fraction: 1]
[bagging_freq: 1]
[bagging_seed: 3]
[feature_fraction: 0.45368]
[feature_fraction_bynode: 1]
[feature_fraction_seed: 2]
[early_stopping_round: 0]
[first_metric_only: 0]
[max_delta_step: 0]
[lambda_l1: 0.633939]
[lambda_l2: 0.0364375]
[min_gain_to_split: 0]
[drop_rate: 0.1]
[max_drop: 50]
[skip_drop: 0.5]
[xgboost_dart_mode: 0]
[uniform_drop: 0]
[drop_seed: 4]
[top_rate: 0.2]
[other_rate: 0.1]
[min_data_per_group: 100]
[max_cat_threshold: 32]
[cat_l2: 10]
[cat_smooth: 10]
[max_cat_to_onehot: 4]
[top_k: 20]
[monotone_constraints: ]
[feature_contri: ]
[forcedsplits_filename: ]
[forcedbins_filename: ]
[refit_decay_rate: 0.9]
[cegb_tradeoff: 1]
[cegb_penalty_split: 0]
[cegb_penalty_feature_lazy: ]
[cegb_penalty_feature_coupled: ]
[verbosity: 1]
[max_bin: 122]
[max_bin_by_feature: ]
[min_data_in_bin: 3]
[bin_construct_sample_cnt: 200000]
[histogram_pool_size: -1]
[data_random_seed: 1]
[output_model: LightGBM_model.txt]
[snapshot_freq: -1]
[input_model: ]
[output_result: LightGBM_predict_result.txt]
[initscore_filename: ]
[valid_data_initscores: ]
[pre_partition: 0]
[enable_bundle: 1]
[max_conflict_rate: 0]
[is_enable_sparse: 1]
[sparse_threshold: 0.8]
[use_missing: 1]
[zero_as_missing: 0]
[two_round: 0]
[save_binary: 0]
[header: 0]
[label_column: ]
[weight_column: ]
[group_column: ]
[ignore_column: ]
[categorical_feature: ]
[predict_raw_score: 0]
[predict_leaf_index: 0]
[predict_contrib: 0]
[num_iteration_predict: -1]
[pred_early_stop: 0]
[pred_early_stop_freq: 10]
[pred_early_stop_margin: 10]
[convert_model_language: ]
[convert_model: gbdt_prediction.cpp]
[num_class: 1]
[is_unbalance: 0]
[scale_pos_weight: 1]
[sigmoid: 1]
[boost_from_average: 1]
[reg_sqrt: 0]
[alpha: 0.9]
[fair_c: 1]
[poisson_max_delta_step: 0.7]
[tweedie_variance_power: 1.5]
[max_position: 20]
[lambdamart_norm: 1]
[label_gain: ]
[metric_freq: 1]
[is_provide_training_metric: 0]
[eval_at: ]
[multi_error_top_k: 1]
[num_machines: 1]
[local_listen_port: 12400]
[time_out: 120]
[machine_list_filename: ]
[machines: ]
[gpu_platform_id: -1]
[gpu_device_id: -1]
[gpu_use_dp: 0]

end of parameters

pandas_categorical:[]
