tree
version=v3
num_class=1
num_tree_per_iteration=1
label_index=0
max_feature_idx=11
objective=binary sigmoid:1
feature_names=Sleepy_complete Simple_reaction_time_Ex5 new_BM_frequency Choice_reaction_time_Ex5 CASIX4 Olfaction_complete_Ex5_Ex4 ECGage new_smoke TBI_LOC BMIX4 HYPBP1 Coffee_oz_Ex1
feature_infos=[0:1] [1:1347] [0:4] [1:1812] [2.5:98.400000000000006] [0:12] [72:90] [0:2] [0:1] [14.8542690108118:33.3049886621315] [0:1] [0:64]
tree_sizes=1825 1679 2333 1515 1853 1873 1830 2154 1194 1693 1995 2019 1919 1351 1527 1629 1316 1267 1491 1137 1722 1660 1746 1798 1559 1702 1681 1478 1675 1171

Tree=0
num_leaves=17
num_cat=0
split_feature=5 1 1 3 3 8 6 1 1 1 1 3 3 1 1 1
split_gain=8.08706 5.99318 4.49938 4.23375 4.98593 3.82324 3.34441 2.9184 1.59484 3.96134 1.15246 0.839403 0.651146 0.484213 0.398299 0.308423
threshold=4.5000000000000009 567.50000000000011 373.50000000000006 464.50000000000006 505.50000000000006 1.0000000180025095e-35 77.500000000000014 791.00000000000011 318.00000000000006 373.50000000000006 355.50000000000006 515.50000000000011 480.50000000000006 251.00000000000003 698.50000000000011 504.00000000000006
decision_type=10 8 8 10 10 10 2 10 10 10 10 10 8 10 10 10
left_child=1 8 3 13 6 12 -5 -3 -1 -10 -6 -11 -4 -2 -14 -13
right_child=2 7 5 4 10 -7 -8 -9 9 11 -12 15 14 -15 -16 -17
leaf_value=-1.0945515386233753 -1.0079579203999789 -0.7833821947405365 -1.0079579203999789 -0.77636246384424312 -1.0945515386233753 -0.94604626639952505 -1.0079579203999789 -1.0079579203999789 -0.83344382359537106 -0.97234247262082141 -0.97234247262082141 -1.0945515386233753 -1.1165289630558042 -1.1086389185602881 -1.0079579203999789 -1.0079579203999789
leaf_weight=1.3712145239114768 0.7835511565208465 2.5465412586927427 0.78355115652083884 1.958877891302109 1.3712145239114764 1.1753267347812659 0.78355115652084351 1.175326734781265 1.3712145239114759 0.78355115652084384 0.78355115652084351 1.3712145239114764 10.186165034770964 1.9588778913021083 0.97943894565105516 0.78355115652084351
leaf_count=7 4 13 4 10 7 6 4 6 7 4 4 7 52 10 5 4
internal_value=0 0.692001 -0.418658 0.122231 0.746219 -0.781138 1.66354 1.67252 0 0.341399 -0.140214 -0.126651 -0.974188 -0.759078 -1.03612 -0.596584
internal_weight=0 9.40261 20.7641 7.63962 4.89719 13.1245 2.74243 3.72187 5.68075 4.30953 2.15477 2.93832 11.9492 2.74243 11.1656 2.15477
internal_count=154 48 106 39 25 67 14 19 29 22 11 15 61 14 57 11
shrinkage=1


Tree=1
num_leaves=17
num_cat=0
split_feature=2 3 3 3 3 9 9 9 9 9 9 3 3 3 9 9
split_gain=9.43777 4.53198 3.80856 6.55734 2.0195 1.70364 1.5207 2.55421 1.48324 1.42617 1.40476 1.7055 1.12414 0.521332 0.0868024 0.075265
threshold=1.5000000000000002 742.50000000000011 510.50000000000006 464.50000000000006 554.00000000000011 25.284231394756052 24.171862929000252 25.900466167844154 26.516141216402151 21.507576917109102 20.927490436724053 497.00000000000006 855.00000000000011 510.50000000000006 26.688290234052904 27.358733324040255
decision_type=8 8 10 8 8 10 8 10 10 10 10 10 8 10 10 10
left_child=4 2 3 -2 13 -4 9 -8 10 12 -5 -12 -3 -1 -7 -16
right_child=1 6 5 8 -6 14 7 -9 -10 -11 11 -13 -14 -15 15 -17
leaf_value=0.093356829523731408 -0.092075923252186068 0.1467031974723286 -0.10363739637795927 -0 0.29181131398854115 0 0.20808384580172209 -0 -0 -0.075280568167774453 0.16459711962321402 -0 -0 -0 -0.044946372323860818 -0
leaf_weight=1.4192459434270892 4.0209318399429366 0.80291520059108656 9.2659869045019132 0.81189958751201696 0.98188382387161244 1.1700489819049829 1.2188481986522677 0.8122081160545348 1.003276005387306 1.1406138092279432 2.6858055442571644 0.75862470269203164 0.81427195668220531 0.77479994297027566 0.74533048272132896 1.5428758412599561
leaf_count=7 21 4 49 4 5 6 6 4 5 6 13 4 4 4 4 8
internal_value=0 -0.258111 -0.466191 0 1.54902 -0.820888 0.562937 1.21455 0.753975 0 1.02316 1.30177 0.668233 0.593914 -0.0148242 -0.194089
internal_weight=0 26.7936 22.0048 9.28054 3.17593 12.7242 4.78886 2.03106 5.25961 2.7578 4.25633 3.44443 1.61719 2.19405 3.45826 2.28821
internal_count=154 138 114 47 16 67 24 10 26 14 21 17 8 11 18 12
shrinkage=0.0984825


Tree=2
num_leaves=23
num_cat=0
split_feature=5 2 9 5 9 9 9 5 9 9 9 9 5 9 9 5 9 9 9 9 5 9
split_gain=5.50202 5.07999 1.32524 1.43556 1.13773 1.39509 1.10185 0.776332 1.46854 1.69902 1.00984 0.569286 0.42488 0.32399 0.421399 0.375326 0.24787 0.226762 0.46127 0.781306 0.046826 0.0462654
threshold=4.5000000000000009 1.5000000000000002 23.530707336438955 2.5000000000000004 22.808320267248302 21.271177313091851 26.338366986907303 9.5000000000000018 24.171862929000252 24.606387316789156 21.436058039520152 20.927490436724053 6.5000000000000009 22.953387298421355 22.172172542071305 10.500000000000002 19.084603505672302 27.821323076758404 25.900466167844154 25.284231394756052 3.5000000000000004 24.780381564899155
decision_type=10 8 8 10 10 8 10 10 10 10 8 10 10 10 10 10 10 10 10 10 8 10
left_child=2 12 4 6 5 20 -4 8 10 -10 11 16 -2 14 -9 -15 -3 18 19 -11 -1 -5
right_child=1 7 3 21 -6 -7 -8 13 9 17 -12 -13 -14 15 -16 -17 -18 -19 -20 -21 -22 -23
leaf_value=-0.0050985768640771324 0 -0 0.21267263664581426 0.026197931052406011 -0.064102064018986882 0.15955466420087155 0.023839742885123721 -0 0.094904361970842357 -0.075126002456989818 -0.11490236121630493 0.018593288770481602 0.17339909500251305 0 0.068399980695667342 -0.0706843164832857 -0.077816380542080454 -0 -0.094057650705960269 0.025991778108143574 0.022166417344386048 -0
leaf_weight=1.211238294839861 1.0148425549268751 0.77167767286300915 1.7281975895166408 0.80310627818107649 0.94478632509708405 0.77294892072677601 1.4285519272089002 0.94356800615787439 0.98612196743488301 1.1327724456787112 4.6900316178798676 0.82994370162487019 1.0366895496845243 1.4591918885707857 1.0769755840301511 1.0964910387992857 1.2684439271688459 1.5254478156566618 1.5796988904476164 1.4124212712049482 0.8218560516834259 1.4307460188865659
leaf_count=6 5 4 8 4 5 4 7 5 5 6 26 4 5 8 5 6 7 8 8 7 4 7
internal_value=0 -0.226086 0.698115 1.03297 0.0441712 0.506566 1.50298 -0.415317 -0.531499 -0.0741858 -0.847209 -0.0988843 1.17891 -0 0.23716 -0.283473 -0.522459 -0.371806 -0.493364 -0 0 0.0760908
internal_weight=0 20.8243 9.14143 5.3906 3.75083 2.80604 3.15675 18.7728 14.1966 6.63646 7.5601 2.87007 2.05153 4.57623 2.02054 2.55568 2.04012 5.65034 4.12489 2.54519 2.03309 2.23385
internal_count=154 109 45 26 19 14 15 99 75 34 41 15 10 24 10 14 11 29 21 13 10 11
shrinkage=0.0984825


Tree=3
num_leaves=15
num_cat=0
split_feature=3 3 4 3 3 6 9 4 4 4 9 6 3 4
split_gain=3.96453 4.16142 6.44478 3.45821 2.39157 2.95972 1.98564 1.81035 2.57708 1.61378 1.56663 0.833173 0.471089 0.0837256
threshold=796.00000000000011 510.50000000000006 95.250000000000014 470.00000000000006 483.50000000000006 77.500000000000014 26.338366986907303 83.500000000000014 79.550000000000011 91.200000000000017 21.920318345831504 76.500000000000014 582.50000000000011 85.850000000000009
decision_type=8 10 2 8 10 2 10 2 2 2 8 2 10 2
left_child=1 2 3 9 5 -5 13 8 12 -1 -2 -12 -3 -6
right_child=10 7 -4 4 6 -7 -8 -9 -10 -11 11 -13 -14 -15
leaf_value=-0.11127240362607065 0 0 0.18284611009027724 0.19264697232541314 -0 -0 0.080996444658241698 -0.087569390497018479 0.10074257321664527 0 0 0.17974012862714406 -0.091892380336900628 -0.091481700754892842
leaf_weight=3.4752553105354353 1.4111005663871754 0.74033766984939553 1.8937964439392079 1.5318881869316112 0.96956920623779363 1.4447062015533445 1.0388809293508527 8.4902636110782606 1.3695550262928007 1.3008883893489835 1.0287521630525591 1.5680224299430845 1.7747595757246015 1.5460214912891386
leaf_count=19 7 4 9 7 5 7 5 47 7 7 5 7 10 8
internal_value=0 -0.203753 0.14888 -0.086305 0.320219 1.00472 -0.0808364 -0.630336 -0 -0.772141 0.853281 1.3089 -0.658327 -0.708693
internal_weight=0 25.5759 13.201 11.3072 6.53107 2.97659 3.55447 12.3749 3.88465 4.77614 4.00788 2.59677 2.5151 2.51559
internal_count=154 135 67 58 32 14 18 68 21 26 19 12 14 13
shrinkage=0.0984825


Tree=4
num_leaves=18
num_cat=0
split_feature=11 3 3 3 11 3 3 10 5 3 5 3 5 5 5 3 3
split_gain=7.32856 3.60062 5.40196 2.01975 2.0918 1.79435 1.95286 1.29789 1.04611 0.829973 0.825002 0.749366 0.219871 0.182688 0.179499 0.105795 0.00190869
threshold=18.000000000000004 742.50000000000011 505.50000000000006 442.00000000000006 14.000000000000002 473.50000000000006 483.50000000000006 1.0000000180025095e-35 1.5000000000000002 554.00000000000011 4.5000000000000009 620.50000000000011 4.5000000000000009 5.5000000000000009 9.5000000000000018 464.50000000000006 497.00000000000006
decision_type=2 8 10 10 2 10 10 2 8 10 10 10 10 10 10 8 8
left_child=1 2 3 -1 5 15 -7 12 -4 -10 -3 13 -2 -11 -14 -5 -8
right_child=7 10 8 4 -6 6 16 -9 9 11 -12 -13 14 -15 -16 -17 -18
leaf_value=-0.0019587875216152228 0 0.13409609471004019 0.020628984353616986 -0.037220367424436844 0.23800852960023469 0.17731586483075434 0.00452648690545437 -0.11381052477812773 -0.10490568965822279 -0 0.0024452097372719981 -0.058483144104265361 -0.046454482900211598 0.036057128804248641 0 0 -0
leaf_weight=1.2603564262390197 1.0677674859762185 3.8436677157878867 0.81765285134315213 0.70422564446926084 1.096155911684036 1.5767534077167513 0.86706997454166379 4.2805574983358383 2.8268321901559839 1.0711574703454974 1.6968162208795545 2.3790154457092285 1.9436827749013905 1.3490186780691145 0.69811357557773579 1.0810198485851288 0.92670316994190227
leaf_count=7 5 17 4 4 5 7 4 24 16 6 9 14 11 7 4 5 5
internal_value=0 0.365051 0.0791909 0.726701 0.977265 0.534311 0.980692 -0.749482 -0.422786 -0.573983 1.06873 -0.147688 -0.104891 0.0351283 -0.312224 -0 0
internal_weight=0 21.4964 15.956 7.51228 6.25193 5.15577 3.37053 7.99012 8.44368 7.62602 5.54048 4.79919 3.70956 2.42018 2.6418 1.78525 1.79377
internal_count=154 110 84 37 30 25 16 44 47 43 26 27 20 13 15 9 9
shrinkage=0.0984825


Tree=5
num_leaves=18
num_cat=0
split_feature=1 1 1 4 10 4 4 4 10 4 4 1 1 4 4 4 4
split_gain=3.76828 4.9168 3.62886 1.72109 0.750074 0.621174 1.16524 1.54914 1.14332 0.908042 0.520422 1.0837 0.40251 0.334685 0.274627 0.251932 0.0960273
threshold=290.50000000000006 373.50000000000006 535.00000000000011 95.750000000000014 1.0000000180025095e-35 89.950000000000017 88.700000000000017 85.450000000000017 1.0000000180025095e-35 80.850000000000009 83.500000000000014 450.50000000000006 318.00000000000006 76.800000000000026 75.050000000000011 86.950000000000017 79.550000000000011
decision_type=8 10 10 2 2 2 2 2 2 2 2 10 10 2 2 2 2
left_child=-1 5 3 10 -4 6 7 9 -7 13 11 16 -10 -2 -6 -16 -3
right_child=1 2 4 -5 14 8 -8 -9 12 -11 -12 -13 -14 -15 15 -17 -18
leaf_value=-0.10440797543227745 0.052402327869781447 -0 0.092955218448270774 0.046676862299578084 0.046001217922457024 -0.053422861820320362 0.20472204947818728 -0.00563306221374803 -0 0.18979713662382527 -0.087795743100654203 -0.080235551488506904 0.074950209715838031 -0 -0.038543069968059333 0 0.04907470812326347
leaf_weight=2.9100617319345501 2.0126545727252987 0.74657790362834942 1.8124224543571461 0.7274847179651267 1.2161066234111788 0.86922833323478732 1.1540351063013075 1.191651403903961 0.75157406926155124 0.93311145901679982 6.6481405347585678 1.4750599563121793 2.3375250995159149 0.81698627769947041 1.6171143651008608 1.0608995109796522 0.73668463528156292
leaf_count=17 9 4 9 4 6 5 5 6 4 4 39 9 11 4 8 6 4
internal_value=0 0.132148 -0.180947 -0.560518 0.395227 0.692637 0.935041 0.528379 0.154753 0.879461 -0.706094 -0.0720102 0.557801 0.292655 0 -0.0222434 0.251269
internal_weight=0 26.1073 16.0405 10.3339 5.70654 10.0668 6.10844 4.9544 3.95833 3.76275 9.60646 2.95832 3.0891 2.82964 3.89412 2.67801 1.48326
internal_count=154 137 89 60 29 48 28 23 20 17 56 17 15 13 20 14 8
shrinkage=0.0984825


Tree=6
num_leaves=18
num_cat=0
split_feature=11 1 1 4 10 1 10 4 1 1 1 4 4 4 4 1 4
split_gain=4.54043 2.5881 4.85191 2.18824 1.85849 1.5297 1.88322 1.33974 0.703393 0.52647 0.524343 0.518669 0.345246 0.334449 0.0881766 0.0487881 5.30201e-05
threshold=18.000000000000004 516.00000000000011 373.50000000000006 95.750000000000014 1.0000000180025095e-35 305.50000000000006 1.0000000180025095e-35 88.700000000000017 606.50000000000011 581.50000000000011 739.50000000000011 92.250000000000014 91.600000000000009 91.600000000000009 85.850000000000009 548.00000000000011 84.850000000000009
decision_type=2 8 8 2 2 10 2 2 10 10 8 2 2 2 2 10 2
left_child=1 2 5 9 10 13 -7 16 15 -2 -3 -9 -4 14 -1 -6 -8
right_child=3 4 12 -5 8 6 7 11 -10 -11 -12 -13 -14 -15 -16 -17 -18
leaf_value=-0 -0.09861225431250667 0.19376117582936428 -0.08544737095513491 0.047747942014462523 -0.018591945423586755 -0 0.00075878879144434673 0.20234834620637673 0.068261814795976233 -0 0.033126630740883227 0.027527588296761302 -0 0.029302669224841562 -0.057908344400254101 0 -0
leaf_weight=0.74843524396419903 5.743395894765853 1.5181027054786675 4.1935079991817483 0.72757083177566517 1.3336384594440462 1.1041518598794935 0.85669770836830117 1.6644108891487124 1.5223307758569715 0.77614641189575184 1.6281851083040235 1.2922863513231275 1.8206135630607603 0.78178270161151875 0.97639140486717213 1.2839562743902204 0.79099144041538239
leaf_count=4 34 7 26 4 7 6 4 7 7 4 7 6 10 4 6 7 4
internal_value=0 0.243749 -0 -0.669013 0.726844 0.493899 0.785262 1.08127 0.104423 -0.896456 1.33608 1.50344 -0.684998 -0 -0.385698 -0.00391627 0
internal_weight=0 21.5155 14.2293 7.24711 7.28621 8.21515 5.70854 4.60439 4.13993 6.51954 3.14629 2.9567 6.01412 2.50661 1.72483 2.61759 1.64769
internal_count=154 112 77 42 35 41 27 21 21 38 14 13 36 14 10 14 8
shrinkage=0.0984825


Tree=7
num_leaves=21
num_cat=0
split_feature=2 9 9 9 9 2 9 7 9 9 2 9 9 9 9 9 9 9 9 9
split_gain=2.15865 1.98343 0.4616 0.253955 0.806595 0.733524 0.414334 2.05297 1.01644 0.602872 0.122937 0.282073 0.262406 0.982274 0.145166 0.0693581 0.0176688 0.00792534 0.00387011 0.00020711
threshold=1.5000000000000002 25.735646841828352 20.349729576229503 26.688290234052904 25.284231394756052 2.5000000000000004 21.436058039520152 1.0000000180025095e-35 21.920318345831504 21.077129486493604 2.5000000000000004 23.273396940761852 22.363399816250404 23.340568961797903 24.780381564899155 29.245782271892704 24.074676912802754 22.953387298421355 24.606387316789156 28.409696658487253
decision_type=8 10 10 8 8 8 8 2 8 8 10 10 10 10 10 8 8 10 10 8
left_child=1 17 -2 4 6 15 7 -4 -8 -9 12 -12 -10 -14 18 19 -13 -1 -15 -5
right_child=2 -3 3 5 -6 -7 8 9 10 -11 11 16 13 14 -16 -17 -18 -19 -20 -21
leaf_value=0.0093464815597099279 -0.040288368933280715 0.17364521714119854 0.13993344336148739 -0.0012569519882540581 0.048377797320247287 -0.082020913385108002 -0.084235314472161815 -0.070007069041824702 0.019843835710396395 0.01010678105511497 0.057169588163365183 -0.016387859609608549 -0.082470754193008006 0.01552678329063225 -0.023640017255093852 0.028673003379207161 0 -0 0 0
leaf_weight=0.84347523748874942 2.9017163813114193 1.300425201654434 1.0903198868036317 1.2349588125944129 3.6220756769180289 1.277280807495117 1.6059647351503361 1.1528690457344051 0.79878784716129292 0.83781893551349651 1.0551790148019793 0.60164996981620755 1.7430902421474455 2.8088050782680516 1.3226649314165113 0.78178106248378731 0.85708396136760723 0.98745925724506367 0.72607426345348336 0.72206504642963421
leaf_count=4 17 6 5 7 18 7 10 7 4 4 5 4 12 16 7 4 4 5 4 4
internal_value=0 0.828182 -0.0345871 0 0.0646173 -0.209412 -0 0.271151 -0.126573 -0.0600696 -0 0.183405 -0.0706828 -0.200061 0 0 -0 0 0.136819 -0
internal_weight=0 3.13136 25.1402 22.2385 18.2224 4.01609 14.6003 3.08101 11.5193 1.99069 9.91334 2.51391 7.39942 6.60063 4.85754 2.7388 1.45873 1.83093 3.53488 1.95702
internal_count=154 15 139 122 100 22 82 16 66 11 56 13 43 39 27 15 8 9 20 11
shrinkage=0.0984825


Tree=8
num_leaves=11
num_cat=0
split_feature=3 3 2 1 1 1 3 1 1 2
split_gain=3.63184 3.46655 3.19989 3.56189 1.36945 0.996277 0.96591 1.36844 0.20362 0.0300315
threshold=510.50000000000006 442.00000000000006 1.5000000000000002 606.50000000000011 290.50000000000006 373.50000000000006 742.50000000000011 975.50000000000011 409.00000000000006 1.5000000000000002
decision_type=10 8 8 10 8 10 10 8 10 10
left_child=1 -1 -2 -4 -3 -6 -5 -8 9 -7
right_child=2 4 3 6 5 8 7 -9 -10 -11
leaf_value=-0.091025079096498915 0.067055938843308766 -0.043305117696448049 -0.096149307609048232 -0.04133673057542224 0.072639907530314782 -0 0.13734244637423881 -0 0.031162961605248136 -0.035450826130999799
leaf_weight=1.9337812960147864 1.4976188391447038 0.7924075722694387 9.8733944371342641 0.72501508891582611 8.4063456356525403 0.7518032342195522 1.1225238144397731 0.86285091936588287 1.3542753905057905 0.69208672642707836
leaf_count=12 7 5 64 4 38 4 5 4 7 4
internal_value=0 0.208012 -0.494275 -0.685928 0.445454 0.565673 0.139998 0.661831 0 -0.208527
internal_weight=0 13.9307 14.0814 12.5838 11.9969 11.2045 2.71039 1.98537 2.79817 1.44389
internal_count=154 70 84 77 58 53 13 9 15 8
shrinkage=0.0984825


Tree=9
num_leaves=16
num_cat=0
split_feature=2 1 1 1 4 4 7 3 3 3 3 3 1 1 1
split_gain=2.52256 2.6286 2.42788 2.41743 1.89024 1.61722 1.95648 1.80794 3.2834 0.961445 0.89819 0.374512 0.300709 0.0377802 0.001368
threshold=1.5000000000000002 581.50000000000011 791.00000000000011 429.50000000000006 88.450000000000017 95.250000000000014 1.0000000180025095e-35 470.00000000000006 492.50000000000006 543.00000000000011 770.50000000000011 593.50000000000011 363.50000000000006 548.00000000000011 434.50000000000006
decision_type=10 8 8 8 2 2 2 10 10 8 10 10 10 10 10
left_child=4 3 -3 5 14 6 7 -2 -9 -10 -4 -8 -6 -5 -1
right_child=1 2 10 13 12 -7 11 8 9 -11 -12 -13 -14 -15 -16
leaf_value=-0.0033396026106398287 -0.064985083329564999 0.13485594120064745 0.025583993121857242 -0.10399842557413386 0.017386818405691777 0.086980476571798526 -0.068232674188693318 0.17649636740363975 -0.07061354316464892 0.065789504097556961 -0.079325361223747767 0 0.18309005141240178 -0 2.9004762593565744e-05
leaf_weight=1.1531269401311903 1.1067091673612646 1.7768092453479756 2.8290773481130604 3.9784208163619033 1.2508195936679842 1.3890616297721852 5.589328721165657 1.4421306848526003 1.2194272205233569 0.67118743062019359 1.0498974919319151 0.74638071656227101 1.2042760550975797 1.2760163843631742 0.93227356672286965
leaf_count=6 7 8 13 27 6 7 34 6 8 4 5 5 5 8 5
internal_value=0 -0.129088 0.413255 -0.341998 0.683377 -0.0400959 -0.220332 0.186289 0.659528 -0 -0 -0.604176 1.27144 -0.916007 -0
internal_weight=0 23.0744 5.65578 17.4187 4.5405 12.1642 10.7752 4.43945 3.33275 1.89061 3.87897 6.33571 2.4551 5.25444 2.0854
internal_count=154 132 26 106 22 71 64 25 18 12 18 39 11 35 11
shrinkage=0.0984825


Tree=10
num_leaves=20
num_cat=0
split_feature=2 6 9 8 6 6 2 9 7 6 6 9 9 9 9 6 9 9 7
split_gain=3.01127 1.39455 0.971307 0.988649 0.872058 0.654706 0.568539 0.462253 4.37504 0.379136 0.338331 0.315955 0.646306 0.27912 0.125146 0.128537 0.0893281 0.349278 0.0840462
threshold=1.5000000000000002 75.500000000000014 24.074676912802754 1.0000000180025095e-35 80.500000000000014 73.500000000000014 2.5000000000000004 21.436058039520152 1.0000000180025095e-35 78.500000000000014 83.500000000000014 24.516726890558456 25.015752150610503 26.688290234052904 23.530707336438955 73.500000000000014 27.358733324040255 25.015752150610503 1.5000000000000002
decision_type=8 2 8 8 2 2 10 10 2 2 2 10 8 10 10 2 8 10 2
left_child=1 -1 7 4 5 -4 9 8 -2 16 14 -5 -13 -8 15 -9 17 -7 -10
right_child=2 -3 3 11 -6 6 13 10 18 -11 -12 12 -14 -15 -16 -17 -18 -19 -20
leaf_value=0.16694947388860915 0.13437366561417141 0 -0.065367692269119135 -0 -0.067570464136791172 0.032742596629184988 0 -0 -0.076489761346830318 0.086309870092871985 0 0.12209424253288838 0 -0.054344518733476468 -0 -0.083460989489846413 0.032568584583922526 -0.04150597765002953 -0
leaf_weight=1.2140564620494871 1.3500623479485527 1.6377346813678739 1.1092455834150277 0.66225503385067108 2.2073755413293839 0.70800314098596651 0.99111685156822171 0.8814852088689803 3.0869104713201523 1.3770748823881147 0.7001134306192397 1.1130007952451701 0.70332705974578869 0.91945596784353245 0.93337846547365155 4.0190352499485016 0.78034928441047646 1.4666736871004102 0.95806790888309468
leaf_count=5 6 8 7 4 12 4 5 5 19 7 4 5 4 6 6 29 4 8 6
internal_value=0 0.87258 -0.192922 0 -0.138561 0 0.154539 -0.394764 -0.0340185 0.402163 -0.594302 0.565549 0.777627 -0.0783541 -0.673017 -0.750956 0 -0 -0.66411
internal_weight=0 2.85179 23.9669 12.0379 9.55929 7.35192 6.24267 11.9291 5.39504 4.3321 6.53401 2.47858 1.81633 1.91057 5.8339 4.90052 2.95503 2.17468 4.04498
internal_count=154 13 141 66 53 41 34 75 31 23 44 13 9 11 40 34 16 12 25
shrinkage=0.0984825


Tree=11
num_leaves=20
num_cat=0
split_feature=11 5 4 9 4 9 9 4 9 4 5 4 4 4 9 5 9 9 4
split_gain=4.21836 2.47922 1.82109 1.37819 2.04718 1.34272 0.953569 0.862454 1.43023 2.91212 0.630839 1.12042 0.392645 0.303137 0.228532 0.22734 0.13476 0.385689 0.0687817
threshold=18.000000000000004 4.5000000000000009 95.750000000000014 25.284231394756052 88.450000000000017 28.741294763982154 28.741294763982154 84.450000000000017 21.436058039520152 80.850000000000009 7.5000000000000009 93.200000000000017 68.750000000000014 92.250000000000014 24.516726890558456 9.5000000000000018 21.920318345831504 24.171862929000252 76.800000000000026
decision_type=2 10 2 10 2 10 10 2 10 2 10 2 2 2 10 10 10 8 2
left_child=1 7 6 4 14 -5 -2 8 -1 12 13 -12 -10 -6 15 -3 -9 -18 -14
right_child=2 3 -4 5 10 -7 -8 16 9 -11 11 -13 18 -15 -16 -17 17 -19 -20
leaf_value=0.18141618314297836 -0.10883044388427621 -0.10004084640981853 0.0082180768729749453 0.082230285832743499 0 -0.02836236217064211 0 -0.018273240501929144 0.016410542340628727 0.1840913959811688 -0 0.12325250494823346 -0.066757986782908937 -0.056042661301605012 -0 -0 0.067795193026600836 -0 -0
leaf_weight=1.4608433991670668 5.1079955548048011 3.1120952367782579 0.89166267961263646 2.6897860467433925 0.8883064091205598 0.65646375715732563 0.66636675596237172 0.60359318554401431 1.1907134503126151 0.90546162426471699 1.0059715434908869 1.1004507243633268 0.89359453320503213 0.93686795979738235 0.91220339387655236 0.74045163393020619 1.0153070464730258 0.82774665951728832 0.73095540702342976
leaf_count=6 35 22 5 14 5 4 4 4 5 4 7 5 5 6 6 4 5 4 4
internal_value=0 0.190165 -0.724088 -0.0451602 -0.300278 0.426535 -0.957623 0.642828 0.878788 0.317638 0.102263 0.555097 -0 -0.0804534 -0.762725 -0.881459 0 0.244901 -0.464627
internal_weight=0 19.6708 6.66602 12.0426 8.69635 3.34625 5.77436 7.62822 5.18157 3.72073 3.9316 2.10642 2.81526 1.82517 4.76475 3.85255 2.44665 1.84305 1.62455
internal_count=154 110 44 73 55 18 39 37 24 18 23 12 14 11 32 26 13 9 9
shrinkage=0.0984825


Tree=12
num_leaves=19
num_cat=0
split_feature=11 3 1 3 3 1 1 1 3 3 1 1 1 3 1 1 1 3
split_gain=3.53318 1.71834 3.3147 1.52428 0.42313 0.435037 0.401672 0.330096 0.631032 1.22169 0.206074 0.205584 0.20366 0.0638166 0.404063 0.315394 0.098859 0.00474762
threshold=18.000000000000004 510.50000000000006 535.00000000000011 442.00000000000006 480.50000000000006 579.50000000000011 290.50000000000006 791.00000000000011 796.00000000000011 680.00000000000011 373.50000000000006 298.50000000000006 340.00000000000006 497.00000000000006 414.00000000000006 303.50000000000006 419.50000000000006 728.00000000000011
decision_type=2 10 8 8 8 10 8 10 10 10 10 10 10 10 8 10 10 8
left_child=1 3 10 11 6 -6 -2 8 9 -4 12 -1 -3 14 15 -5 -15 -11
right_child=4 2 7 13 5 -7 -8 -9 -10 17 -12 -13 -14 16 -16 -17 -18 -19
leaf_value=0 -0.056029885172763326 -0.046814892491519829 0.11648019946433037 0 -0.099784020610609175 -0 0.025760419069514384 0 0.14273267543841045 -0.027506748261807511 -0.077188837447121197 -0.050270516710354526 0 -0 0.012931922779026194 0.11490210082542217 0.035064098491705005 -0
leaf_weight=0.59284625947475855 1.0368201285600649 0.86483586579560945 0.80559001863002944 0.98554983735084511 3.4821977317333221 0.75263354182243325 0.75682008266448975 1.2520922869443891 0.99079930782318093 0.6424627453088757 3.776638351380825 0.89860542863607396 0.82223373651504517 0.95112499594688404 2.8698348999023438 3.4119594246149063 0.74340912699699391 0.74996185302734386
leaf_count=4 8 6 4 5 26 4 4 6 4 4 28 6 4 5 13 15 4 4
internal_value=0 0.195452 -0.0477803 0.485715 -0.673871 -0.862472 -0 0.517928 0.68901 0.0445284 -0.623232 -0.157812 -0 0.663468 0.742331 0.993754 0 -0.183694
internal_weight=0 20.3579 9.90461 10.4533 6.02847 4.23483 1.79364 4.44091 3.18881 2.19801 5.46371 1.49145 1.68707 8.96188 7.26734 4.39751 1.69453 1.39242
internal_count=154 112 60 52 42 30 12 22 16 12 38 10 10 42 33 20 9 8
shrinkage=0.0984825


Tree=13
num_leaves=13
num_cat=0
split_feature=5 6 2 2 5 6 7 6 5 5 2 5
split_gain=3.78496 3.12507 3.16214 1.40249 0.650387 0.543526 0.403935 0.400949 0.775269 0.130754 0.0925003 0.0357939
threshold=3.5000000000000004 77.500000000000014 1.5000000000000002 2.5000000000000004 9.5000000000000018 74.500000000000014 1.0000000180025095e-35 75.500000000000014 7.5000000000000009 7.5000000000000009 2.5000000000000004 8.5000000000000018
decision_type=10 2 10 10 10 2 2 2 10 8 8 10
left_child=3 4 -3 6 7 -6 -1 8 10 -9 -2 -10
right_child=1 2 -4 -5 5 -7 -8 9 11 -11 -12 -13
leaf_value=0.14248703756368578 0.048394781975832565 0.031109425652901267 -0.098719878093137439 -0 0 0.089141892546028612 0.036142500514133612 -0.061913886121718206 -0 -0 0 -0.042788857450620936
leaf_weight=2.2472897917032268 3.3228176087141055 1.6444461718201626 6.2864141091704369 1.951178506016731 1.357480585575104 1.6965072154998777 3.1350786760449409 1.1150118112564082 0.86562775820493665 0.61893253028392803 1.2129556536674497 0.85871684551239003
leaf_count=10 18 8 43 10 8 9 16 8 6 4 7 7
internal_value=0 -0.155498 -0.649302 0.67934 0.142757 0.532492 0.94154 -0 0.110302 -0.428024 0.396467 -0.27503
internal_weight=0 18.9789 7.93086 7.33355 11.0481 3.05399 5.38237 7.99406 6.26012 1.73394 4.53577 1.72434
internal_count=154 118 51 36 67 17 26 50 38 12 25 13
shrinkage=0.0984825


Tree=14
num_leaves=15
num_cat=0
split_feature=5 3 9 9 3 9 9 3 9 3 3 5 3 9
split_gain=3.45539 1.19404 1.13897 1.30243 0.813039 0.897507 0.793282 0.462034 0.33701 0.253642 0.396855 0.205827 0.000700206 0.000584432
threshold=4.5000000000000009 644.50000000000011 24.171862929000252 20.349729576229503 554.00000000000011 24.606387316789156 26.338366986907303 487.50000000000006 26.338366986907303 620.50000000000011 568.00000000000011 10.500000000000002 770.50000000000011 22.655101891629503
decision_type=10 8 10 8 10 10 10 10 10 10 10 10 10 10
left_child=1 6 3 -2 5 -4 7 13 -3 10 -6 -5 -11 -1
right_child=2 8 4 11 9 -7 -8 -9 -10 12 -12 -13 -14 -15
leaf_value=-0 0 0.098168039348887612 0.014884964638139856 -0.083739800626002267 0 -0.060790925219078203 0.064867089677734274 -0.067464952397054662 0 -0 0.096732422620878986 -0 0.0028144321750117819 0.0025630908186625011
leaf_weight=0.90866751968860715 1.758190385997296 3.2073196917772302 0.7564724236726752 6.1230739355087289 0.76679569482803356 3.5973842591047287 1.4722153246402738 1.2438056766986845 0.94339798390865315 1.1001607775688169 0.95688546448946021 0.82359611988067616 0.82092148065567005 0.82639051973819733
leaf_count=5 11 14 4 47 5 23 7 9 4 7 5 5 4 4
internal_value=0 0.442579 -0.328476 -0.580451 -0 -0.339223 0 -0.214525 0.830221 0.289178 0.564801 -0.779913 0 0
internal_weight=0 8.6018 16.7035 8.70486 7.99862 4.35386 4.45108 2.97886 4.15072 3.64476 1.72368 6.94667 1.92108 1.73506
internal_count=154 43 111 63 48 27 25 18 18 21 10 52 11 9
shrinkage=0.0984825


Tree=15
num_leaves=16
num_cat=0
split_feature=11 4 2 1 1 1 1 4 4 11 4 1 4 4 4
split_gain=4.1082 2.53562 1.43403 1.674 1.61693 1.56507 0.586379 0.506943 0.295034 0.240085 0.123359 0.211051 0.0529337 0.663635 0.376475
threshold=18.000000000000004 95.750000000000014 1.5000000000000002 391.00000000000006 352.50000000000006 548.00000000000011 290.50000000000006 93.200000000000017 94.450000000000017 1.0000000180025095e-35 80.500000000000014 263.50000000000006 88.450000000000017 85.450000000000017 89.950000000000017
decision_type=2 2 8 10 8 10 10 2 2 2 2 8 2 2 2
left_child=2 -2 4 6 -1 7 10 -5 12 -7 -4 -12 13 -8 -14
right_child=1 -3 3 5 -6 9 8 -9 -10 -11 11 -13 14 -15 -16
leaf_value=-0 -0.10538870305173753 0.047840168173208658 0.018639379164893343 -0.077559844747639828 0.15396143355924427 0.056521995046148403 0.068699093484103246 0 0 -0 0 -0.052393408664639048 0.13449385590475002 -0.0032614996433326469 0
leaf_weight=0.76448664069176364 5.0048222318291655 0.67815123498439778 2.0348985940217994 3.977113962173461 1.481261149048805 0.90729683637619041 1.4192962944507601 0.59439626336097706 1.1453388631343839 2.0820160284638405 0.60573951154947248 0.88293447345495235 1.3012407198548319 1.1102602481842039 1.0199625566601751
leaf_count=4 39 4 9 32 6 4 7 4 6 11 4 6 6 6 6
internal_value=0 -0.771708 0.190467 0.0507562 0.957511 -0.25347 0.358766 -0.655906 0.548722 0.152942 0 -0.179538 0.657289 0.133894 0.947892
internal_weight=0 5.68297 19.3262 17.0805 2.24575 7.56082 9.51967 4.57151 5.9961 2.98931 3.52357 1.48867 4.85076 2.52956 2.3212
internal_count=154 43 111 101 10 51 50 36 31 15 19 10 25 13 12
shrinkage=0.0984825


Tree=16
num_leaves=13
num_cat=0
split_feature=3 3 3 5 3 0 6 5 3 3 3 3
split_gain=1.58175 2.33105 2.35867 1.38413 1.11545 0.892749 0.844638 0.417315 0.347291 0.336489 0.285703 0.126013
threshold=796.00000000000011 510.50000000000006 442.00000000000006 3.5000000000000004 464.50000000000006 1.0000000180025095e-35 81.500000000000014 6.5000000000000009 475.50000000000006 728.00000000000011 452.00000000000006 497.00000000000006
decision_type=10 10 8 10 10 10 2 10 8 8 8 10
left_child=1 2 -1 8 10 9 11 -2 -4 -3 -5 -6
right_child=7 5 3 4 6 -7 -8 -9 -10 -11 -12 -13
leaf_value=-0.088661909099095229 0.085734035112692064 -0.076448535767757883 0 -0 0.056429718367452551 0 -0.03510643921090964 -0 0.11491173733810697 -0 -0.086539924758266884 0
leaf_weight=2.1070394515991255 1.548041827976703 7.9043279960751489 1.0192262530326845 0.73862088471651099 3.74345763027668 0.81619978696107931 0.72859665006399132 0.71135412156581868 1.69167985022068 0.74009445309639055 1.3020846098661421 1.189247280359268
leaf_count=16 7 64 5 5 19 4 5 4 7 4 8 6
internal_value=0 -0.235851 0 0.243855 0 -0.611888 0.253995 0.584182 0.854388 -0.715857 -0.600039 0.473693
internal_weight=0 21.9806 12.52 10.4129 7.70201 9.46062 5.6613 2.2594 2.71091 8.64442 2.04071 4.9327
internal_count=154 143 71 55 43 72 30 11 12 68 13 25
shrinkage=0.0984825


Tree=17
num_leaves=12
num_cat=0
split_feature=11 2 5 11 5 11 8 5 11 2 5
split_gain=2.82178 1.58181 0.629405 1.73605 1.09697 1.40907 0.386183 0.374579 0.302275 0.195661 0.0558751
threshold=22.000000000000004 1.5000000000000002 9.5000000000000018 6.0000000000000009 3.5000000000000004 1.0000000180025095e-35 1.0000000180025095e-35 1.0000000180025095e-35 6.0000000000000009 1.5000000000000002 10.500000000000002
decision_type=2 8 8 2 10 2 10 10 2 10 10
left_child=1 -1 4 -4 8 -6 -7 -2 -3 -9 -5
right_child=7 2 3 10 5 6 -8 9 -10 -11 -12
leaf_value=0.094690983923868599 -0 -0 0.12645068088805531 0 0.028474106726340272 -0.056017945918366084 0 -0 0.051010852463392403 -0.092470658958160978 -0.027832758543609882
leaf_weight=2.4149650484323564 0.71919266879558463 1.2057198435068155 1.4188546463847154 1.4892768785357478 2.2283187806606275 6.6522679254412651 0.55030885338783253 0.85319519788026843 3.1032540872693062 2.9948718324303627 0.66312040388584126
leaf_count=11 4 6 7 9 13 47 4 5 16 27 5
internal_value=0 0.190812 0.0449605 0.42875 -0.00964735 -0.242813 -0.495583 -0.675758 0.352543 -0.798513 -0
internal_weight=0 19.7261 17.3111 3.57125 13.7399 9.4309 7.20258 4.56726 4.30897 3.84807 2.1524
internal_count=154 118 107 21 86 64 51 36 22 32 14
shrinkage=0.0984825


Tree=18
num_leaves=15
num_cat=0
split_feature=4 5 4 4 4 2 2 4 9 4 9 4 2 9
split_gain=1.98009 1.456 1.10873 1.89158 0.902934 0.835113 0.812921 2.3729 0.575064 0.523435 0.466437 0.377942 0.327167 0.417056
threshold=95.250000000000014 4.5000000000000009 88.450000000000017 89.950000000000017 75.050000000000011 3.5000000000000004 2.5000000000000004 75.550000000000026 24.074676912802754 97.750000000000014 27.821323076758404 71.700000000000017 2.5000000000000004 20.927490436724053
decision_type=2 10 2 2 2 8 8 2 10 2 10 2 10 10
left_child=1 6 4 5 -3 -4 7 11 -8 -2 -6 -1 13 -5
right_child=9 2 3 12 10 -7 8 -9 -10 -11 -12 -13 -14 -15
leaf_value=0 0.12241411634762969 0 0.12697766101366373 0 -0.081494687072266092 -0 -0.069621364579410538 0.095719634839027082 0 0 0 -0.066162084901532553 0 -0.068120838625423383
leaf_weight=1.4155414700508164 1.4602433145046227 1.1184620335698108 1.2508331611752506 0.59615288674831424 5.5268249176442623 0.65388871729373932 1.1891312822699558 3.5799569487571716 1.1311241090297697 0.60893937945365895 0.67353183031082142 0.90665464848279931 1.3216285705566404 2.7453335821628571
leaf_count=7 8 7 6 4 44 4 8 17 5 4 4 6 9 21
internal_value=0 -0.0928851 -0.309236 -0 -0.575982 0.819879 0.195498 0.428645 -0.126032 0.92176 -0.732138 -0.142223 -0.353339 -0.520145
internal_weight=0 22.1091 13.8867 6.56784 7.31882 1.90472 8.22241 5.90215 2.32026 2.06918 6.20036 2.3222 4.66312 3.34149
internal_count=154 142 99 44 55 10 43 30 13 12 48 13 34 25
shrinkage=0.0984825


Tree=19
num_leaves=11
num_cat=0
split_feature=11 5 2 8 5 11 5 5 5 5
split_gain=3.01359 1.19712 0.754608 0.604411 0.309486 0.344438 0.24342 0.49203 0.207315 0.075389
threshold=18.000000000000004 3.5000000000000004 1.5000000000000002 1.0000000180025095e-35 1.0000000180025095e-35 44.000000000000007 9.5000000000000018 10.500000000000002 4.5000000000000009 8.5000000000000018
decision_type=2 10 10 10 10 2 10 10 10 10
left_child=1 -1 -3 4 -2 -6 8 -8 -4 -10
right_child=3 2 6 -5 5 -7 7 -9 9 -11
leaf_value=0.068633086772714846 -0 0.061654138399716792 0 0 -0.092679709356750142 -0 0.056026187188657879 -0 -0.028350014039585973 -0
leaf_weight=5.5599851757288041 0.7444753795862189 2.052178055047988 1.5085977986454944 0.53671264648437489 3.1716617420315747 0.80486035346984852 1.8329160809516909 1.528201103210449 4.949233278632164 1.2950356826186178
leaf_count=26 4 10 8 4 31 6 10 9 37 9
internal_value=0 0.290642 0.0696127 -0.546791 -0.678053 -0.788777 -0 0.182347 -0.129411 -0.231901
internal_weight=0 18.7261 13.1662 5.25771 4.721 3.97652 11.114 3.36112 7.75287 6.24427
internal_count=154 109 83 45 41 37 73 19 54 46
shrinkage=0.0984825


Tree=20
num_leaves=17
num_cat=0
split_feature=3 3 3 9 9 3 3 3 7 9 3 9 9 9 9 3
split_gain=0.801858 2.05813 0.84136 1.11179 0.280685 1.20756 1.01928 1.0231 0.236991 0.11818 0.0901578 0.081049 0.0796805 0.251961 0.397359 0.00498639
threshold=470.00000000000006 497.00000000000006 554.00000000000011 25.735646841828352 26.516141216402151 752.00000000000011 742.50000000000011 582.50000000000011 1.5000000000000002 21.271177313091851 562.50000000000011 29.245782271892704 19.629225522474552 21.507576917109102 24.171862929000252 515.50000000000011
decision_type=8 10 8 10 10 10 10 10 2 8 8 10 10 10 10 8
left_child=8 12 3 -3 6 -6 7 10 11 -9 -4 -1 -2 -14 -15 -5
right_child=1 2 4 15 5 -7 -8 9 -10 -11 -12 -13 13 14 -16 -17
leaf_value=-0.053481174681156742 0 -0.089658618546816032 0.03503455886771497 0.0075953768722923564 0.096251151240284688 -0.00092194336498118345 0.048879280681187312 -0 0 -0.084164111901083055 -0 -0 0.11348962677088609 -0 0.048236679893570188 -0
leaf_weight=2.3760524913668668 0.78258548676967876 2.2764753028750397 0.67621860653161969 0.80187542736530271 1.5756854563951495 1.0005278736352918 2.3345379307866096 0.72322521358728453 0.51522639393806446 2.1220429092645645 1.0015967190265656 0.65164214372634877 1.853891462087631 1.3561804145574567 3.0552133172750473 0.871819667518139
leaf_count=18 4 19 4 4 9 5 12 6 4 20 8 4 8 8 14 7
internal_value=0 0.153219 -0.0341038 -0.449423 0.0739205 0.356707 -0 -0.308953 -0.331531 -0.711371 0.00428581 -0.453584 0.596778 0.642663 0.27824 0
internal_weight=0 20.4319 13.384 3.95017 9.43383 2.57621 6.85762 4.52308 3.54292 2.84527 1.67782 3.02769 7.04787 6.26529 4.41139 1.6737
internal_count=154 128 94 30 64 14 50 38 26 26 12 22 34 30 22 11
shrinkage=0.0984825


Tree=21
num_leaves=16
num_cat=0
split_feature=2 5 1 1 4 4 1 1 5 4 1 4 5 1 1
split_gain=1.42817 1.68969 1.51683 2.72301 1.17594 2.06217 0.675382 0.580408 0.277154 0.382572 0.0933886 0.0842523 0.0664015 0.0577504 0.237606
threshold=1.5000000000000002 3.5000000000000004 373.50000000000006 548.00000000000011 88.450000000000017 80.850000000000009 352.50000000000006 1211.0000000000002 9.5000000000000018 88.700000000000017 318.00000000000006 88.700000000000017 7.5000000000000009 791.00000000000011 632.00000000000011
decision_type=10 10 8 10 2 2 8 8 10 2 10 2 10 10 10
left_child=6 4 8 -4 5 7 11 -2 9 -3 12 -1 -11 14 -5
right_child=1 2 3 13 -6 -7 -8 -9 -10 10 -12 -13 -14 -15 -16
leaf_value=-0.024782527325786945 -0.035914725915420109 -0.059579533436872535 -0.10386125862848276 -0 -0.042395770786203678 0.1413451110932675 0.082379520498463921 0.044438746735288498 0.036646403858657549 -0.028983795124374222 0.023603243532397854 0.020476491713574761 0 -0 0.052190023517309045
leaf_weight=0.64150522649288411 1.4446211457252531 1.0260536521673178 4.8401488102972516 0.95176458358764671 0.78285104036331166 1.7612904161214826 2.8169854804873466 1.8467331826686857 1.9196970537304876 0.73019205033779166 1.5893682762980459 0.91940476745367039 0.52762275189161301 0.90810225903987873 1.0152572542428968
leaf_count=4 9 8 46 7 5 8 14 8 11 6 9 5 4 5 5
internal_value=0 -0.0757195 -0.295656 -0.590266 0.324111 0.567842 0.54708 0 0 -0.0401265 0 0 -0 0 0.16978
internal_weight=0 19.3437 13.5082 7.71527 5.8355 5.05264 4.3779 3.29135 5.79293 3.87324 2.84718 1.56091 1.25781 2.87512 1.96702
internal_count=154 131 101 63 30 25 23 17 38 27 19 9 10 17 12
shrinkage=0.0984825


Tree=22
num_leaves=17
num_cat=0
split_feature=5 4 3 4 6 4 4 6 5 4 4 3 5 3 5 4
split_gain=1.21171 1.32462 1.28822 0.973412 0.904098 0.559428 0.455673 0.445949 0.427732 1.38272 1.3528 0.991426 0.725867 0.260676 0.0680441 0.0232933
threshold=4.5000000000000009 88.450000000000017 732.00000000000011 84.450000000000017 81.500000000000014 91.200000000000017 71.700000000000017 76.500000000000014 7.5000000000000009 95.250000000000014 91.950000000000017 473.50000000000006 5.5000000000000009 531.50000000000011 6.5000000000000009 73.450000000000017
decision_type=10 2 10 2 2 2 2 2 8 2 2 10 8 10 8 2
left_child=3 2 6 4 7 -5 -2 13 10 11 12 -10 -3 -1 -12 -6
right_child=1 8 -4 5 15 -7 -8 -9 9 -11 14 -13 -14 -15 -16 -17
leaf_value=-0 -0 -0 0.013494579211485003 -0.053722826208020984 0.0087194234901596269 0.02516321679345971 -0.087633188626855471 0.12258363628315079 0 0.060772453123928552 -0.03419394787166681 -0.077751188059430029 0.11256535798797718 0.044602739225683467 0 -0.012267269676565168
leaf_weight=0.8180072158575078 0.68921098858117957 0.54104051738977244 0.7432197779417038 1.5809956267476084 0.99677008390426591 1.1601133868098257 4.2244905643165112 2.0199443995952606 0.66391055285930756 1.3101822212338445 0.723272785544395 2.9896407872438431 1.8508050814270971 1.3400704637169836 0.60694910585880291 0.94281941652297951
leaf_count=4 5 4 4 10 5 6 39 9 4 8 5 24 9 7 5 6
internal_value=0 -0.15091 -0.537455 0.31529 0.549418 -0 -0.767796 0.809509 0.0293536 -0.0704148 0.330465 -0.492416 0.846426 0.099373 -0.131247 -0
internal_weight=0 14.3427 5.65692 8.85872 6.11761 2.74111 4.9137 4.17802 8.6858 4.96373 3.72207 3.65355 2.39185 2.15808 1.33022 1.93959
internal_count=154 107 48 47 31 16 44 20 59 36 23 28 13 11 10 11
shrinkage=0.0984825


Tree=23
num_leaves=18
num_cat=0
split_feature=4 1 1 4 1 4 3 1 3 4 4 1 3 3 3 3 1
split_gain=2.11862 1.32696 1.67822 0.917179 1.16833 0.877435 0.73132 0.620541 0.580658 0.56674 0.364509 0.135663 0.0987276 0.0578468 0.046291 0.0367798 0.00844049
threshold=95.250000000000014 290.50000000000006 332.50000000000006 87.200000000000017 391.00000000000006 86.050000000000011 520.00000000000011 581.50000000000011 593.50000000000011 75.550000000000026 88.450000000000017 349.50000000000006 637.00000000000011 554.00000000000011 492.50000000000006 505.50000000000006 791.00000000000011
decision_type=2 8 8 2 10 2 10 10 10 2 2 8 8 10 8 10 10
left_child=1 -1 10 4 9 7 -2 15 11 -4 -3 -5 -10 -13 -11 -6 -9
right_child=6 2 3 8 5 -7 -8 16 12 14 -12 13 -14 -15 -16 -17 -18
leaf_value=-0.081534351761739302 0.13974539385142137 0 0 -0 -0 0.043109905277491707 0 0.00856467885008921 0.035221799394938823 0 0.11268000655232741 -0.075969160360870633 -0.0019098433967672536 -0 0.12357708597853582 -0.079189497777421972 -0
leaf_weight=1.8610118813812793 1.4173774123191827 0.62761939316988291 1.9847991615533846 1.1642968803644169 0.94723135977983519 1.4492726922035215 0.72177734971046437 1.0795615911483767 0.7322692349553106 0.78076973557472196 1.5313719436526296 2.6433404684066777 1.0330338403582573 0.7634223848581313 1.1445430815219879 1.9546265713870525 0.98121157288551342
leaf_count=18 6 4 9 7 8 8 6 5 5 4 7 21 9 6 5 21 5
internal_value=0 -0.00989433 0.0388258 -0.0334877 0.105575 -0.0760547 1.00467 -0.355011 -0.358806 0.561998 0.876832 -0.551445 0 -0.668071 0.9614 -0.652393 0
internal_weight=0 20.6784 18.8174 16.6584 10.322 6.4119 2.13915 4.96263 6.33636 3.91011 2.15899 4.57106 1.7653 3.40676 1.92531 2.90186 2.06077
internal_count=154 142 124 113 65 47 12 39 48 18 11 34 14 27 9 29 10
shrinkage=0.0984825


Tree=24
num_leaves=15
num_cat=0
split_feature=11 2 5 0 2 11 5 11 5 5 5 11 5 5
split_gain=1.30436 0.941449 0.34495 0.630503 0.461565 0.337355 0.87516 0.596857 0.427525 0.249241 0.178034 0.114158 0.0276226 0.174785
threshold=26.000000000000004 1.5000000000000002 1.0000000180025095e-35 1.0000000180025095e-35 2.5000000000000004 1.0000000180025095e-35 9.5000000000000018 6.0000000000000009 3.5000000000000004 6.5000000000000009 2.5000000000000004 14.000000000000002 6.5000000000000009 8.5000000000000018
decision_type=2 10 10 8 10 2 8 2 10 10 10 2 10 8
left_child=1 9 4 5 -3 12 8 -8 10 -1 -7 -9 -4 -14
right_child=-2 2 3 -5 -6 6 7 11 -10 -11 -12 -13 13 -15
leaf_value=0.076009978075097795 -0.076718185886789678 0.062817460587944449 -0 0.053903565178429209 -0 -0.030311158447967449 0.080055158030648652 -0.036847674364726683 -0.054502649944828806 0 0.024127354080291281 0 0.054300427924942114 -0
leaf_weight=2.2743297070264883 1.8067643903195847 1.8387946635484724 1.2201611101627325 1.1557647883892066 0.69570359587669361 1.1392311453819239 0.90037055313587311 0.77902593463659264 6.2805851735174656 0.85075051337480523 1.0742335915565491 0.98946698009967804 0.62935607507824864 0.80067335814237595
leaf_count=11 19 9 9 6 4 6 4 6 52 5 6 8 4 5
internal_value=0 0.0948263 0 -0.0538811 0.342387 -0.151267 -0.241701 0.0905303 -0.420344 0.597126 -0 -0 0 0.137245
internal_weight=0 20.6284 17.5034 14.9689 2.5345 13.8131 11.1629 2.66886 8.49405 3.12508 2.21346 1.76849 2.65019 1.43003
internal_count=154 135 119 106 13 100 82 18 64 16 12 14 18 9
shrinkage=0.0984825


Tree=25
num_leaves=17
num_cat=0
split_feature=3 3 4 3 4 1 3 9 1 1 1 3 1 9 3 3
split_gain=0.535369 2.22386 1.25524 1.73743 0.766944 0.736139 0.513082 0.729416 0.493939 0.44445 0.887045 0.777223 0.428577 0.119241 0.0652283 1.03527e-06
threshold=505.50000000000006 568.00000000000011 95.250000000000014 475.50000000000006 91.200000000000017 363.50000000000006 620.50000000000011 23.340568961797903 423.00000000000006 581.50000000000011 791.00000000000011 752.00000000000011 443.50000000000006 22.172172542071305 660.50000000000011 650.00000000000011
decision_type=10 10 2 8 2 8 10 10 8 10 10 10 8 8 10 8
left_child=2 -2 3 4 -1 -5 7 -3 -7 14 11 -11 -9 -10 15 -8
right_child=1 6 -4 5 -6 8 9 12 13 10 -12 -13 -14 -15 -16 -17
leaf_value=-0.078131842671043103 -0.078786623760182251 -0 0.091529792604021221 0.083746480829815756 0 -0.050260467785564179 -0.00012824116304439121 0.13366261212956543 0 -0 -0 0.12018914021117887 0 0.043498440809544639 -0.053200494148758666 0
leaf_weight=2.5687622092664255 3.2768486998975259 0.32747456803917874 1.9977429509162892 2.1772271692752847 0.96306852251291264 0.88249985128641151 0.57410361990332615 0.96481253206729845 1.0473653972148897 0.5772105306386951 1.59430456161499 1.1971369087696073 0.64180039614439022 1.8798171430826185 1.1172101534903047 0.54254722222685836
leaf_count=21 33 4 9 11 6 6 7 4 6 4 8 5 5 8 13 4
internal_value=0 -0.0802938 0.208422 0 -0.494574 0.378874 0.151265 0.590181 0 -0 0.225417 0.765126 0.928265 0.293099 -0.345769 -0
internal_weight=0 10.8134 11.5165 9.51874 3.53183 5.98691 7.5366 1.93409 3.80968 5.60251 3.36865 1.77435 1.60661 2.92718 2.23386 1.11665
internal_count=154 87 67 58 27 31 54 13 20 41 17 9 9 14 24 11
shrinkage=0.0984825


Tree=26
num_leaves=16
num_cat=0
split_feature=9 10 1 1 9 9 1 1 9 9 1 9 9 9 9
split_gain=0.544353 0.906791 0.483721 1.12871 1.1258 0.419317 0.375058 0.263982 0.157338 0.152299 0.106268 0.0987268 0.452071 0.387753 0.385713
threshold=26.946435669954553 1.0000000180025095e-35 443.50000000000006 548.00000000000011 20.773887918490455 26.155042269491002 303.50000000000006 373.50000000000006 20.927490436724053 25.284231394756052 332.50000000000006 23.530707336438955 24.780381564899155 25.618536566196703 22.808320267248302
decision_type=10 2 10 10 8 10 10 10 10 10 8 8 10 10 10
left_child=2 -2 4 -4 10 11 -3 -7 -5 -10 -1 14 -13 -14 -6
right_child=1 6 3 8 5 7 -8 -9 9 -11 -12 12 13 -15 -16
leaf_value=0 0.0079092728827034452 -0 -0.073224099439381837 0.053460170229529237 0.045172915714980756 -0.051716923564425643 -0.094963181869986396 0.031915506013920167 -0.012269943869525591 0.033646992230396987 -0.03442183626493954 0.11189426008173883 -0 0.06097385077323491 -0
leaf_weight=1.0401990823447751 1.1814616322517388 0.78568063676357291 1.8138230741024006 0.86426648497581504 2.2932070121169064 0.66968870162963934 1.5890503786504266 0.6229778565466404 1.7507964149117472 1.0306298136711118 1.5649449825286863 2.0670807063579568 1.4920421838760378 1.0266264826059339 2.2148708440363407
leaf_count=8 7 5 23 4 15 4 11 4 12 5 11 13 9 5 18
internal_value=0 -0.257057 0.137909 -0.0201858 0.252876 0.423518 -0.686497 -0 0.171323 0 -0.183931 0.500688 0.702817 0.0879143 0.151593
internal_weight=0 3.55619 18.4512 5.45952 12.9916 10.3865 2.37473 1.29267 3.64569 2.78143 2.60514 9.09383 4.58575 2.51867 4.50808
internal_count=154 23 131 44 87 68 16 8 21 17 19 60 27 14 33
shrinkage=0.0984825


Tree=27
num_leaves=14
num_cat=0
split_feature=4 9 3 4 3 3 8 9 9 4 9 9 9
split_gain=0.690399 1.55648 0.607164 1.20405 0.947566 0.636575 0.69742 0.771857 0.384465 0.35157 0.692984 0.617177 0.149228
threshold=95.250000000000014 25.015752150610503 475.50000000000006 91.200000000000017 483.50000000000006 568.00000000000011 1.0000000180025095e-35 21.436058039520152 23.273396940761852 87.200000000000017 26.155042269491002 26.155042269491002 20.349729576229503
decision_type=2 10 8 2 8 8 10 10 10 2 10 8 10
left_child=2 -2 3 -1 -4 6 7 -6 -8 10 12 -11 -7
right_child=1 -3 4 -5 5 9 8 -9 -10 11 -12 -13 -14
leaf_value=-0.093209362042249139 0.10709857356544611 -0.01496575210166652 0.077643281174361256 0 0 0 -0.0046744014963381935 -0.078246710964548993 0.061279671279923779 -0.062722524644288027 -0.0038840459150899995 0.030881177139076791 0.052788030222905326
leaf_weight=1.8769105784595077 1.9244639500975602 0.57988622784614552 1.6445366889238382 1.3285491392016409 0.9373178184032418 0.99570661783218373 0.55454763397574403 2.9484750963747501 0.95310825109481789 1.2974316552281382 1.3778524473309515 0.73772694915533055 4.8821091614663601
leaf_count=16 11 4 9 8 7 6 5 26 6 13 7 5 31
internal_value=0 0.552923 -0 -0.396586 0.0770976 -0 -0.276459 -0.53256 0 0.154127 0.280352 -0 0.462286
internal_weight=0 2.50435 19.5343 3.20546 16.3288 14.6843 5.39345 3.88579 1.50766 9.29083 7.25567 2.03516 5.87782
internal_count=154 15 139 24 115 106 44 33 11 62 44 18 37
shrinkage=0.0984825


Tree=28
num_leaves=16
num_cat=0
split_feature=11 9 3 3 3 9 3 3 3 3 3 3 9 3 3
split_gain=1.50256 1.0262 0.390265 0.327663 0.916112 0.355835 0.749647 0.411521 0.858267 0.317481 0.528286 0.401495 0.221041 0.193396 0.083167
threshold=22.000000000000004 29.245782271892704 449.00000000000006 742.50000000000011 680.00000000000011 23.273396940761852 554.00000000000011 497.00000000000006 449.00000000000006 510.50000000000006 480.50000000000006 483.50000000000006 26.155042269491002 637.00000000000011 452.00000000000006
decision_type=2 10 10 8 10 10 10 10 10 10 10 8 8 10 10
left_child=3 2 -2 4 5 7 9 8 -1 10 14 -12 -5 -9 -7
right_child=1 -3 -4 12 -6 6 -8 13 -10 -11 11 -13 -14 -15 -16
leaf_value=-0.020172224300842024 0 0.016978774108983966 -0.085694825245257622 0.067740706428768241 -0.057643659970324945 0.003785883291804007 0.081452068474604636 -0.058229388926828975 0.066236630940526203 -0.021818422651402693 0.11503371421971287 0 0 0 -0.027005351180918243
leaf_weight=0.67424337193370432 0.58178868144750573 0.70885100215673436 2.5092509835958481 3.4720012694597235 1.1097087189555157 0.70690389722585711 2.6605682857334614 1.1898837760090826 2.1845012754201889 1.3028628826141355 0.82977879047393766 1.1076422072947025 0.84922689199447621 0.40711944177746762 1.0549900233745573
leaf_count=7 4 4 29 17 11 4 15 14 11 13 4 7 4 4 6
internal_value=0 -0.372809 -0.701091 0.27475 0.127687 0.246692 0.377218 0 0.246698 0.00788279 0.259753 0.62876 0.574632 -0.379559 -0
internal_weight=0 3.79989 3.09104 17.5494 13.2282 12.1185 7.66275 4.45575 2.85874 5.00218 3.69931 1.93742 4.32123 1.597 1.76189
internal_count=154 37 33 117 96 85 49 36 18 34 21 11 21 18 10
shrinkage=0.0984825


Tree=29
num_leaves=11
num_cat=0
split_feature=6 2 1 1 1 1 6 6 6 2
split_gain=0.855409 0.901613 0.664801 0.450403 1.09829 0.701427 0.377173 0.133101 0.112606 0.0534996
threshold=81.500000000000014 1.5000000000000002 545.00000000000011 443.50000000000006 581.50000000000011 290.50000000000006 72.500000000000014 78.500000000000014 84.500000000000014 2.5000000000000004
decision_type=2 8 10 10 10 8 2 2 2 10
left_child=1 -1 -2 5 -5 -3 -7 -6 -4 -8
right_child=2 3 8 4 7 6 9 -9 -10 -11
leaf_value=0.068952077522108107 -0.075961086899169653 -0.031337598317658796 -0.019229412288491534 -0.079638704919269124 -0 -0 0.040168533513823483 0.037809765059266462 0.031298637981541165 0
leaf_weight=2.0934174507856431 2.2794072628021236 1.7404486909508676 0.61920444667339292 2.1156799606978884 1.3277942687273028 0.4658961966633805 6.5368278026580793 0.8665717840194701 0.83095724880695343 1.8213602863252161
leaf_count=10 21 17 5 26 7 5 42 4 4 13
internal_value=0 0.0915272 -0.435103 0 -0.26665 0.115475 0.273517 0 0 0.351985
internal_weight=0 16.968 3.72957 14.8746 4.31005 10.5645 8.82408 2.19437 1.45016 8.35819
internal_count=154 124 30 114 37 77 60 11 9 55
shrinkage=0.0984825


end of trees

feature importances:
Choice_reaction_time_Ex5=92
BMIX4=92
Simple_reaction_time_Ex5=74
CASIX4=67
Olfaction_complete_Ex5_Ex4=49
new_BM_frequency=25
ECGage=19
Coffee_oz_Ex1=18
new_smoke=6
HYPBP1=6
TBI_LOC=5
Sleepy_complete=2

parameters:
[boosting: gbdt]
[objective: binary]
[metric: auc]
[tree_learner: serial]
[device_type: cpu]
[data: ]
[valid: ]
[num_iterations: 100]
[learning_rate: 0.0984825]
[num_leaves: 25]
[num_threads: 4]
[max_depth: 39]
[min_data_in_leaf: 4]
[min_sum_hessian_in_leaf: 0.001]
[bagging_fraction: 0.827927]
[pos_bagging_fraction: 1]
[neg_bagging_fraction: 1]
[bagging_freq: 1]
[bagging_seed: 3]
[feature_fraction: 0.45368]
[feature_fraction_bynode: 1]
[feature_fraction_seed: 2]
[early_stopping_round: 0]
[first_metric_only: 0]
[max_delta_step: 0]
[lambda_l1: 0.633939]
[lambda_l2: 0.0364375]
[min_gain_to_split: 0]
[drop_rate: 0.1]
[max_drop: 50]
[skip_drop: 0.5]
[xgboost_dart_mode: 0]
[uniform_drop: 0]
[drop_seed: 4]
[top_rate: 0.2]
[other_rate: 0.1]
[min_data_per_group: 100]
[max_cat_threshold: 32]
[cat_l2: 10]
[cat_smooth: 10]
[max_cat_to_onehot: 4]
[top_k: 20]
[monotone_constraints: ]
[feature_contri: ]
[forcedsplits_filename: ]
[forcedbins_filename: ]
[refit_decay_rate: 0.9]
[cegb_tradeoff: 1]
[cegb_penalty_split: 0]
[cegb_penalty_feature_lazy: ]
[cegb_penalty_feature_coupled: ]
[verbosity: 1]
[max_bin: 122]
[max_bin_by_feature: ]
[min_data_in_bin: 3]
[bin_construct_sample_cnt: 200000]
[histogram_pool_size: -1]
[data_random_seed: 1]
[output_model: LightGBM_model.txt]
[snapshot_freq: -1]
[input_model: ]
[output_result: LightGBM_predict_result.txt]
[initscore_filename: ]
[valid_data_initscores: ]
[pre_partition: 0]
[enable_bundle: 1]
[max_conflict_rate: 0]
[is_enable_sparse: 1]
[sparse_threshold: 0.8]
[use_missing: 1]
[zero_as_missing: 0]
[two_round: 0]
[save_binary: 0]
[header: 0]
[label_column: ]
[weight_column: ]
[group_column: ]
[ignore_column: ]
[categorical_feature: ]
[predict_raw_score: 0]
[predict_leaf_index: 0]
[predict_contrib: 0]
[num_iteration_predict: -1]
[pred_early_stop: 0]
[pred_early_stop_freq: 10]
[pred_early_stop_margin: 10]
[convert_model_language: ]
[convert_model: gbdt_prediction.cpp]
[num_class: 1]
[is_unbalance: 0]
[scale_pos_weight: 1]
[sigmoid: 1]
[boost_from_average: 1]
[reg_sqrt: 0]
[alpha: 0.9]
[fair_c: 1]
[poisson_max_delta_step: 0.7]
[tweedie_variance_power: 1.5]
[max_position: 20]
[lambdamart_norm: 1]
[label_gain: ]
[metric_freq: 1]
[is_provide_training_metric: 0]
[eval_at: ]
[multi_error_top_k: 1]
[num_machines: 1]
[local_listen_port: 12400]
[time_out: 120]
[machine_list_filename: ]
[machines: ]
[gpu_platform_id: -1]
[gpu_device_id: -1]
[gpu_use_dp: 0]

end of parameters

pandas_categorical:[]
