tree
version=v3
num_class=1
num_tree_per_iteration=1
label_index=0
max_feature_idx=11
objective=binary sigmoid:1
feature_names=Sleepy_complete Simple_reaction_time_Ex5 new_BM_frequency Choice_reaction_time_Ex5 CASIX4 Olfaction_complete_Ex5_Ex4 ECGage new_smoke TBI_LOC BMIX4 HYPBP1 Coffee_oz_Ex1
feature_infos=[0:1] [1:1347] [0:4] [1:1812] [2.5:98.400000000000006] [0:12] [72:90] [0:2] [0:1] [14.6411231134028:33.738952304877699] [0:1] [0:64]
tree_sizes=1407 1730 1896 1826 1825 1459 1576 1793 986 1448 2128

Tree=0
num_leaves=13
num_cat=0
split_feature=1 1 1 5 6 6 3 3 1 5 1 1
split_gain=20.7964 7.42337 7.59688 5.97718 4.35005 3.42303 3.34324 2.22976 2.07073 0.605682 0.18493 0.0667211
threshold=587.50000000000011 429.50000000000006 299.50000000000006 7.5000000000000009 79.500000000000014 77.500000000000014 450.50000000000006 734.00000000000011 353.50000000000006 2.5000000000000004 400.00000000000006 377.50000000000006
decision_type=8 10 8 8 2 2 10 8 10 10 10 10
left_child=1 2 -1 4 6 8 -4 -2 -5 -3 11 -10
right_child=7 9 3 5 -6 -7 -8 -9 10 -11 -12 -13
leaf_value=-1.0994154276165122 -0.98082925301172641 -0.98082925301172641 -0.98082925301172641 -0.84194447034452291 -0.98102396929049829 -1.0904808406537709 -0.76599489073446214 -0.79813289235069951 -0.98082925301172641 -1.1073478963766594 -0.98059697358969589 -1.0350618348651481
leaf_weight=3.9669421315193221 1.1900826394557942 0.99173553287982752 0.79338842630386286 1.1900826394557964 1.1900826394557951 2.5785123854875565 3.1735537052154541 5.3553718775510788 0.79338842630386364 7.5371900498867035 0.99173553287982918 0.79338842630386353
leaf_count=20 6 5 4 6 6 13 16 27 4 38 5 4
internal_value=0 -0.431264 -0 0.394078 1.20828 -0.171274 1.72642 1.57494 0.311231 -1.17839 -0 -0.337528
internal_weight=0 24 15.4711 11.5041 5.15702 6.34711 3.96694 6.54545 3.7686 8.52893 2.57851 1.58678
internal_count=154 121 78 58 26 32 20 33 19 43 13 8
shrinkage=1


Tree=1
num_leaves=17
num_cat=0
split_feature=2 3 9 3 9 3 2 9 3 9 3 9 3 9 9 3
split_gain=7.22746 4.62943 3.77452 3.69105 6.13173 5.3591 3.5228 2.79918 1.85292 1.33048 0.684823 0.660075 1.19223 1.11269 0.464143 0.175884
threshold=1.5000000000000002 768.50000000000011 22.012755900605452 493.50000000000006 26.353930857419805 479.50000000000006 2.5000000000000004 25.161528743324855 553.00000000000011 27.055397463330955 734.00000000000011 24.570973360842256 450.50000000000006 22.441620734428003 24.570973360842256 450.50000000000006
decision_type=8 8 8 10 10 10 8 10 10 10 10 10 10 10 8 10
left_child=8 3 -3 5 10 11 14 -4 -1 -6 -5 12 -2 -14 -7 -13
right_child=1 2 7 4 9 6 -8 -9 -10 -11 -12 15 13 -15 -16 -17
leaf_value=0.023075550984578353 -0.084855166712979463 -0.032500431291535938 0.19279009500452049 -0.10990691935505897 0.16166135164812492 0.27253283970178466 -0 -0 0.2633538882519989 0 -0 -0 -0.00522167954543636 0.092021461848556377 0.026792296157346556 -0.099603563711028631
leaf_weight=1.4331980049610167 1.3475932031869944 1.4827151149511326 2.1406133472919469 11.006782084703442 0.7700545191764826 1.0221311748027802 0.97895339131355275 0.82886415719985951 1.0414544492959974 1.4033586233854292 0.80148297548294145 0.9770508855581288 1.2114422619342806 1.4226357191801069 0.80896137654781342 1.9313426464796064
leaf_count=7 7 7 10 57 4 5 5 4 5 7 4 5 6 7 4 10
internal_value=0 -0.222477 0.656524 -0.415212 -0.744985 0 1.21213 1.35805 1.53746 0.617524 -1.05042 -0.4122 -0 0.248359 2.0312 -0.789803
internal_weight=0 28.134 4.45219 23.6818 13.9817 9.70011 2.81005 2.96948 2.47465 2.17341 11.8083 6.89006 3.98167 2.63408 1.83109 2.90839
internal_count=154 142 21 121 72 49 14 14 12 11 61 35 20 13 9 15
shrinkage=0.0984825


Tree=2
num_leaves=19
num_cat=0
split_feature=5 2 9 2 9 5 9 9 9 9 9 9 5 9 9 5 9 9
split_gain=11.8592 4.75614 3.31379 2.95611 2.73557 0.897755 0.714229 0.615979 1.9468 0.994997 0.758554 0.338793 0.280525 0.816764 1.67728 0.14372 0.129286 0.117115
threshold=3.5000000000000004 2.5000000000000004 22.012755900605452 1.5000000000000002 27.821323076758404 9.5000000000000018 23.337480115936053 21.333335891123554 23.488561266342952 20.355313712062856 25.673900324788551 26.825461618163654 9.5000000000000018 25.501973583674054 24.645440261055302 6.5000000000000009 22.285899013715952 25.004232074525252
decision_type=10 10 10 8 10 10 10 10 8 8 10 10 10 10 10 10 8 10
left_child=2 3 -1 -2 6 -3 -4 9 -9 -5 12 -12 13 14 15 -10 -7 -16
right_child=1 5 4 7 -6 16 -8 8 10 -11 11 -13 -14 -15 17 -17 -18 -19
leaf_value=0 0.13410696744456965 -0.11733460292244133 0.043414683071608985 -0 -0 -0.040645027171877408 0.22671244404211607 -0.073442983432685002 0 0.11236360852301359 -0.072137919173249021 -0 -0 0.13270515224642027 -0.070994070690283267 0.12416779692949981 0 -0
leaf_weight=1.9915453046560312 1.5159002244472564 4.8205169737339011 1.245346203446388 1.7127513289451592 0.7820487469434737 0.7225861847400662 3.2470897287130356 4.3583055585622761 1.0568877160549175 0.88215884566307057 1.1115264743566515 1.4246483743190763 0.92744106054306019 0.8340400755405426 0.9853614121675488 0.8494090437889098 1.186045840382576 0.80893166363239299
leaf_count=10 7 26 6 9 4 4 15 23 5 4 6 7 5 4 5 4 6 4
internal_value=0 -0.231768 1.22098 0.0212642 1.63517 -0.941461 1.93378 -0.0753269 -0.200906 0.276244 0.019117 -0.328221 0.296794 0.409058 0.0168384 0.806763 -0 -0.475472
internal_weight=0 23.1965 7.26603 16.4674 5.27448 6.72915 4.49244 14.9515 12.3566 2.59491 7.99825 2.53617 5.46207 4.53463 3.70059 1.9063 1.90863 1.79429
internal_count=154 119 35 83 25 36 21 76 63 13 40 13 27 22 18 9 10 9
shrinkage=0.0984825


Tree=3
num_leaves=18
num_cat=0
split_feature=3 6 4 4 4 4 9 4 4 3 6 9 4 3 3 4 9
split_gain=5.94858 4.03382 3.72887 2.95111 2.65559 2.52538 2.46529 2.23295 2.4294 2.04609 0.796534 0.583937 1.62526 0.462658 0.337517 0.327458 0.0403492
threshold=734.00000000000011 77.500000000000014 92.200000000000017 83.950000000000017 60.800000000000004 97.100000000000009 28.382035790173905 81.450000000000017 77.200000000000017 487.50000000000006 84.500000000000014 23.273396940761852 89.200000000000017 534.50000000000011 752.00000000000011 83.950000000000017 24.779797286779502
decision_type=8 2 2 2 2 2 8 2 2 10 2 10 2 10 10 2 8
left_child=1 2 6 4 -2 9 11 8 -3 -4 -9 -1 15 -11 -5 -13 -16
right_child=3 7 5 14 -6 -7 -8 10 -10 13 -12 12 -14 -15 16 -17 -18
leaf_value=-0.090589343013519716 -0 -0.077534731453545155 0.2121013227845272 -0.061473498659403686 0.15598795646103961 -0.0095954977605765442 0.080177152802174759 -0.11969766862409369 0.13520489083854473 -0 -0 -0 0.065930126797739338 0.066111512039862166 0.022297594487116344 -0.092044774991965145 -0
leaf_weight=4.1744789481163069 0.8874908834695806 1.2623362243175491 1.464770928025245 0.82084283232688926 3.6024054735898972 1.2998807579278944 1.0366461724042899 6.488605722784996 0.82538819313049294 0.99034073948860191 0.80140529572963692 0.78762458264827806 1.0757384896278379 1.1489564329385755 0.8187739551067349 1.6603294312953947 0.80148297548294078
leaf_count=23 4 7 7 4 16 7 5 36 4 5 4 4 5 6 4 9 4
internal_value=0 -0.334266 0 0.71102 1.1959 0.707932 -0.377945 -0.837909 0 1.17061 -1.09861 -0.623511 -0.0885516 0.181326 -0 -0.681757 0.0459038
internal_weight=0 23.0165 13.6388 6.931 4.4899 4.90395 8.73482 9.37774 2.08772 3.60407 7.29001 7.69817 3.52369 2.1393 2.4411 2.44795 1.62026
internal_count=154 122 71 32 20 25 46 51 11 18 40 41 18 11 12 13 8
shrinkage=0.0984825


Tree=4
num_leaves=18
num_cat=0
split_feature=5 11 11 11 3 3 3 11 3 8 3 3 3 10 3 3 3
split_gain=11.6099 5.14911 4.94654 3.09452 2.13582 4.23812 2.10133 1.3402 1.81296 1.1772 1.07783 1.07299 0.765348 1.53427 1.49528 0.458378 0.140108
threshold=3.5000000000000004 22.000000000000004 10.000000000000002 6.0000000000000009 455.00000000000006 483.50000000000006 493.50000000000006 18.000000000000004 451.50000000000006 1.0000000180025095e-35 469.00000000000006 614.50000000000011 593.50000000000011 1.0000000180025095e-35 752.00000000000011 527.00000000000011 798.00000000000011
decision_type=10 2 2 2 10 8 8 2 10 10 10 10 10 2 10 10 10
left_child=1 3 4 -1 -2 10 7 8 -4 -8 -6 -5 15 -14 -15 -7 -13
right_child=2 -3 6 11 5 12 9 -9 -10 -11 -12 16 13 14 -16 -17 -18
leaf_value=0 -0.086976037999211081 -0.027329691920179932 -0.017847221845783405 0.24225942370375611 0 0 -0.120995257135601 -0.085081547000858779 0.12497578551183391 0 0.20131176224177266 0 -0.046245296936846515 0.16649573707414903 0 -0.062921202822098871 0.11236876821047125
leaf_weight=1.2548594772815729 1.4683737903833414 1.4119678437709806 1.3611029982566809 2.7813083678483963 1.0216432511806464 1.3403371274471294 6.8527612388134012 1.5578620284795759 1.1562278717756269 0.69254080951213837 1.5009738951921461 1.0426430851221087 0.82093569636344943 1.0466516315937044 1.2548889219760893 2.3363233655691147 1.1876828968524931
leaf_count=6 8 7 7 12 5 7 38 9 5 4 7 5 5 5 6 13 5
internal_value=0 1.09789 -0.321708 1.50819 0.116133 0.34411 -0.781737 -0.0284829 0.245248 -1.10286 1.44539 1.85825 -0 0.284208 0.827352 -0.370678 0.80078
internal_weight=0 7.67846 22.4106 6.26649 10.7901 9.32175 11.6205 4.07519 2.51733 7.5453 2.52262 5.01163 6.79914 3.12248 2.30154 3.67666 2.23033
internal_count=154 35 119 28 56 48 63 21 12 42 12 22 36 16 11 20 10
shrinkage=0.0984825


Tree=5
num_leaves=14
num_cat=0
split_feature=1 1 1 1 4 4 8 4 4 4 4 4 4
split_gain=7.60702 6.27411 4.25321 2.37801 2.13986 1.89109 1.6257 1.4857 1.36932 0.559212 0.532011 0.077602 0.391267
threshold=587.50000000000011 439.50000000000006 290.50000000000006 369.50000000000006 88.450000000000017 87.200000000000017 1.0000000180025095e-35 94.100000000000009 86.450000000000017 85.200000000000017 94.100000000000009 85.850000000000009 81.450000000000017
decision_type=8 10 10 8 2 2 10 2 2 2 2 2 2
left_child=1 2 -1 4 9 -2 8 -6 11 -4 -10 12 -5
right_child=5 -3 3 6 7 -7 -8 -9 10 -11 -12 -13 -14
leaf_value=-0.10409416741678795 0.11709955581026076 -0.11403436679372586 0.027660955087627545 0.020105411267954267 0.1472858053448913 -0 0.088809618169333249 0 -0.10324406599495183 -0.063588110434916301 -0 0.030080682739138019 -0.060377816795987527
leaf_weight=2.914050906896601 5.4555661231279364 5.9359343796968451 1.8642075955867743 0.79833012819290272 3.0478635281324387 0.98191303014755227 0.99561430513858784 1.6831810772418974 2.4654163569211964 0.94526238739490498 0.75712254643440224 0.79535648226737954 0.91196663677692402
leaf_count=17 24 36 9 4 14 5 5 8 14 5 4 4 5
internal_value=0 -0.273636 0 0.258675 0.657246 0.952506 -0.0956683 1.06554 -0.383609 -0 -0.824903 0 -0
internal_weight=0 23.1143 17.1784 14.2643 7.54051 6.43748 6.72381 4.73104 5.72819 2.80947 3.22254 2.50565 1.7103
internal_count=154 125 89 72 36 29 36 22 31 14 18 13 9
shrinkage=0.0984825


Tree=6
num_leaves=15
num_cat=0
split_feature=11 1 1 1 10 4 1 10 1 4 7 1 11 11
split_gain=7.8662 6.73505 2.87669 3.9628 2.27929 2.98173 1.42126 1.29378 0.640361 0.484942 0.472743 0.0735565 0.00521465 0.63876
threshold=22.000000000000004 587.50000000000011 299.50000000000006 414.00000000000006 1.0000000180025095e-35 88.450000000000017 377.50000000000006 1.0000000180025095e-35 360.00000000000006 85.200000000000017 1.0000000180025095e-35 548.00000000000011 6.0000000000000009 1.0000000180025095e-35
decision_type=2 8 10 10 2 2 10 2 10 2 2 10 2 2
left_child=1 2 -1 4 8 9 -7 10 -4 -6 -5 -9 13 -3
right_child=-2 12 3 7 5 6 -8 11 -10 -11 -12 -13 -14 -15
leaf_value=-0.10003989326602732 -0.11531177604084046 0.089789065524242914 -0.075362884351287698 -0.019079405982671528 0.023620399805097978 0.15351337112194693 0 -0.082272665732182962 0 -0.063693744214765674 0.060310416824787487 -0 0.13324436723253749 -0
leaf_weight=2.6414879113435843 4.7265686839818946 0.91733774542808411 1.1333027631044372 0.61142584681510803 1.3025051355361941 3.8315853476524353 1.1715039014816282 3.8369154781103134 0.9637589007616042 0.93877336382865884 1.1592706888914108 1.0427686572074888 4.2802159488201141 0.85660775005817413
leaf_count=16 27 4 6 4 6 17 6 24 5 5 6 6 18 4
internal_value=0 0.232479 -0.0332435 0.091444 0.542597 0.828332 1.25816 -0.446965 -0.144637 -0 0 -0.731372 1.1497 0.291716
internal_weight=0 24.6875 18.6333 15.9918 9.34143 7.24437 5.00309 6.65038 2.09706 2.24128 1.7707 4.87968 6.05416 1.77395
internal_count=154 127 101 85 45 34 23 40 11 11 10 30 26 8
shrinkage=0.0984825


Tree=7
num_leaves=17
num_cat=0
split_feature=2 2 9 9 9 9 7 9 9 9 8 9 9 9 9 9
split_gain=4.71019 0.896476 1.33358 3.08887 0.361714 1.40961 1.37348 0.79572 0.728025 0.688021 0.256162 0.582742 1.28999 0.22052 0.687228 0.0256942
threshold=1.5000000000000002 2.5000000000000004 22.441620734428003 22.970131868761253 21.333335891123554 23.337480115936053 1.0000000180025095e-35 25.673900324788551 26.825461618163654 19.690410800439853 1.0000000180025095e-35 23.955811960305954 24.940712636221953 24.121511688575904 27.055397463330955 24.290027651216601
decision_type=8 10 8 10 10 8 2 8 10 10 10 10 10 10 10 10
left_child=-1 4 -3 -4 6 -6 9 10 -9 -2 11 -7 15 -5 -15 -13
right_child=1 2 3 13 5 7 -8 8 -10 -11 -12 12 -14 14 -16 -17
leaf_value=0.11879898416267159 0 -0.10129955392047831 0.13038019175115281 -0.087556681011069545 -0.055305165868743213 0.081959473916559347 -0.0043916908839568662 -0.081512510560168186 0 0.1415465209358904 0.099032331248509395 -0 0.043365306014853632 0.015242450185640062 -0.075447670678127687 -0.078580841953045419
leaf_weight=2.8983171731233623 0.68241946399212539 2.4868854954838744 1.1020853668451307 1.6258368715643881 4.5512318909168217 0.90128518640994915 1.9254000186920164 1.2403194010257732 2.4547138214111328 1.0889578610658643 0.84951180219650257 0.88521252572536491 2.5485597997903824 1.3551366031169894 1.0776978880167005 1.2428137362003324
leaf_count=13 4 15 5 10 27 4 11 7 12 5 4 5 12 7 6 7
internal_value=0 -0.129906 -0.416998 -0 -0 -0.0801588 0.26753 0.0751297 -0.198233 0.95152 0.33059 0.109014 -0 -0.516719 -0.00171089 -0.60367
internal_weight=0 26.0181 7.64764 5.16076 18.3704 14.6736 3.69678 10.1224 3.69503 1.77138 6.42738 5.57787 4.67659 4.05867 2.43283 2.12803
internal_count=154 141 43 28 98 78 20 51 19 9 32 28 24 23 13 12
shrinkage=0.0984825


Tree=8
num_leaves=9
num_cat=0
split_feature=1 1 1 2 3 3 3 3
split_gain=7.70584 2.32605 3.75195 1.25569 1.03428 0.0668919 0.0505025 0.0299701
threshold=587.50000000000011 377.50000000000006 309.00000000000006 2.5000000000000004 646.50000000000011 451.50000000000006 472.50000000000006 472.50000000000006
decision_type=8 10 8 10 10 10 10 10
left_child=1 2 7 6 -2 -3 -4 -1
right_child=4 5 3 -5 -6 -7 -8 -9
leaf_value=-0.10102125378153652 0.008610146238191934 -0 0 -0.021598350355421379 0.10536183532786617 -0.083450535202100912 0.071129276673695702 -0
leaf_weight=2.848614022135739 3.5289918929338446 1.0006679147481907 1.5458325296640403 1.4243486523628233 4.372933641076088 8.7124833986163122 3.8170960545539856 1.1524118334054945
leaf_count=18 16 6 7 8 19 56 17 7
internal_value=0 -0.436719 -0.0509135 0.336848 0.713376 -0.798416 0.602452 -0.862823
internal_weight=0 20.5015 10.7883 6.78728 7.90193 9.71315 5.36293 4.00103
internal_count=154 119 57 32 35 62 24 25
shrinkage=0.0984825


Tree=9
num_leaves=14
num_cat=0
split_feature=3 1 1 2 2 4 1 3 3 3 3 3 3
split_gain=3.89632 2.32093 3.52167 2.88037 1.71583 1.59754 2.4362 1.03408 0.999193 1.23127 0.741364 0.446523 0.00366677
threshold=752.00000000000011 439.50000000000006 290.50000000000006 2.5000000000000004 1.5000000000000002 87.90000000000002 803.50000000000011 475.50000000000006 440.00000000000006 509.00000000000006 553.00000000000011 584.50000000000011 451.50000000000006
decision_type=8 8 10 10 10 2 10 10 10 8 10 8 10
left_child=1 2 -1 8 -3 6 -2 12 -4 -10 -11 -12 -5
right_child=5 4 3 7 -6 -7 -8 -9 9 10 11 -13 -14
leaf_value=-0.093312667376491298 0.14742171989951106 0.021098189836614815 -0 -0 -0.087578144479290146 -0 -0 -0.087285530085117677 0.10082130349537745 -0.013960097249000925 0.093321293640041464 -0 0.0063762646096963034
leaf_weight=2.458823002874861 3.5699633657932273 0.79731125384569057 0.98780220746993941 0.9157659858465188 4.9814217165112495 0.97221253812313069 1.1994495242834089 1.8500417992472646 5.7415797859430286 1.9162443280220045 1.2674992531538005 0.70352616161108028 0.8382832556962968
leaf_count=17 15 4 5 5 35 5 5 12 27 10 6 4 4
internal_value=0 -0.0676879 0.0893245 0.315024 -0.627618 0.836958 1.0838 -0.350726 0.600964 0.70813 0.0752108 0.600679 0
internal_weight=0 22.4583 16.6796 14.2207 5.77873 5.74163 4.76941 3.60409 10.6167 9.62885 3.88727 1.97103 1.75405
internal_count=154 129 90 73 39 25 20 21 52 47 20 10 9
shrinkage=0.0984825


Tree=10
num_leaves=21
num_cat=0
split_feature=2 9 6 9 9 2 9 6 9 9 6 9 6 6 9 6 9 9 6 6
split_gain=2.54839 1.12392 1.05701 0.570063 1.35475 1.28335 0.892092 0.442121 0.528377 0.352755 1.18364 0.929703 0.480052 0.107642 0.0691012 0.0656465 0.0616029 0.0605135 0.102685 0.0777886
threshold=1.5000000000000002 27.821323076758404 80.500000000000014 22.012755900605452 21.333335891123554 2.5000000000000004 17.579857788892404 80.500000000000014 25.004232074525252 24.779797286779502 78.500000000000014 23.488561266342952 76.500000000000014 83.500000000000014 25.501973583674054 82.500000000000014 25.673900324788551 23.154752122835252 75.500000000000014 78.500000000000014
decision_type=8 10 2 8 10 8 10 2 8 10 2 8 2 2 10 2 10 8 2 2
left_child=2 3 -1 4 5 6 -2 9 13 11 14 17 -13 15 -11 -9 -16 18 -5 -20
right_child=1 -3 -4 7 -6 -7 -8 8 -10 10 -12 12 -14 -15 16 -17 -18 -19 19 -21
leaf_value=0.11328459452120565 -0.018750170759187963 -0.093653558930982941 -0 -0 -0.09627284732209293 -0.078882393403925888 0.065092320474495494 0 -0.077453378933205558 -0.047316692470516876 0.07690461901382882 0.10262503694676439 0 0.024753053741851175 0 -0.034825007308440702 -0.016644646454764777 -0.025672471188258272 0.039279873389918035 -0
leaf_weight=2.3751611560583146 0.58223464339972197 1.6180174946784962 0.80212469398975361 1.0142501443624521 2.0110362991690636 1.3914068341255186 2.7950542271137238 1.1090916544198983 1.0828683227300642 1.6509484201669691 1.3791564106941221 1.8523220568895342 0.61219334602355946 1.1644394695758817 0.81707075238227878 0.74267777800559986 2.1201665103435516 0.68566715717315663 1.1699632480740545 0.72804773598909356
leaf_count=10 4 9 4 7 13 9 14 6 6 9 7 9 4 6 4 5 12 5 6 5
internal_value=0 -0.129887 0.814879 -0.0428476 -0.297154 -0 0.328015 0.0252624 -0.199109 0.154624 -0 0.324254 0.792552 0 -0.263219 -0.129728 -0 -0 0.0622963 0.242895
internal_weight=0 24.5266 3.17729 22.9086 6.77973 4.7687 3.37729 16.1289 4.09908 12.0298 5.96734 6.06244 2.46452 3.01621 4.58819 1.85177 2.93724 3.59793 2.91226 1.89801
internal_count=154 140 14 131 40 27 18 91 23 68 32 36 13 17 25 11 16 23 18 11
shrinkage=0.0984825


end of trees

feature importances:
BMIX4=44
Choice_reaction_time_Ex5=34
Simple_reaction_time_Ex5=22
CASIX4=19
ECGage=12
new_BM_frequency=11
Olfaction_complete_Ex5_Ex4=7
Coffee_oz_Ex1=7
TBI_LOC=3
HYPBP1=3
new_smoke=2

parameters:
[boosting: gbdt]
[objective: binary]
[metric: auc]
[tree_learner: serial]
[device_type: cpu]
[data: ]
[valid: ]
[num_iterations: 100]
[learning_rate: 0.0984825]
[num_leaves: 25]
[num_threads: 4]
[max_depth: 39]
[min_data_in_leaf: 4]
[min_sum_hessian_in_leaf: 0.001]
[bagging_fraction: 0.827927]
[pos_bagging_fraction: 1]
[neg_bagging_fraction: 1]
[bagging_freq: 1]
[bagging_seed: 3]
[feature_fraction: 0.45368]
[feature_fraction_bynode: 1]
[feature_fraction_seed: 2]
[early_stopping_round: 0]
[first_metric_only: 0]
[max_delta_step: 0]
[lambda_l1: 0.633939]
[lambda_l2: 0.0364375]
[min_gain_to_split: 0]
[drop_rate: 0.1]
[max_drop: 50]
[skip_drop: 0.5]
[xgboost_dart_mode: 0]
[uniform_drop: 0]
[drop_seed: 4]
[top_rate: 0.2]
[other_rate: 0.1]
[min_data_per_group: 100]
[max_cat_threshold: 32]
[cat_l2: 10]
[cat_smooth: 10]
[max_cat_to_onehot: 4]
[top_k: 20]
[monotone_constraints: ]
[feature_contri: ]
[forcedsplits_filename: ]
[forcedbins_filename: ]
[refit_decay_rate: 0.9]
[cegb_tradeoff: 1]
[cegb_penalty_split: 0]
[cegb_penalty_feature_lazy: ]
[cegb_penalty_feature_coupled: ]
[verbosity: 1]
[max_bin: 122]
[max_bin_by_feature: ]
[min_data_in_bin: 3]
[bin_construct_sample_cnt: 200000]
[histogram_pool_size: -1]
[data_random_seed: 1]
[output_model: LightGBM_model.txt]
[snapshot_freq: -1]
[input_model: ]
[output_result: LightGBM_predict_result.txt]
[initscore_filename: ]
[valid_data_initscores: ]
[pre_partition: 0]
[enable_bundle: 1]
[max_conflict_rate: 0]
[is_enable_sparse: 1]
[sparse_threshold: 0.8]
[use_missing: 1]
[zero_as_missing: 0]
[two_round: 0]
[save_binary: 0]
[header: 0]
[label_column: ]
[weight_column: ]
[group_column: ]
[ignore_column: ]
[categorical_feature: ]
[predict_raw_score: 0]
[predict_leaf_index: 0]
[predict_contrib: 0]
[num_iteration_predict: -1]
[pred_early_stop: 0]
[pred_early_stop_freq: 10]
[pred_early_stop_margin: 10]
[convert_model_language: ]
[convert_model: gbdt_prediction.cpp]
[num_class: 1]
[is_unbalance: 0]
[scale_pos_weight: 1]
[sigmoid: 1]
[boost_from_average: 1]
[reg_sqrt: 0]
[alpha: 0.9]
[fair_c: 1]
[poisson_max_delta_step: 0.7]
[tweedie_variance_power: 1.5]
[max_position: 20]
[lambdamart_norm: 1]
[label_gain: ]
[metric_freq: 1]
[is_provide_training_metric: 0]
[eval_at: ]
[multi_error_top_k: 1]
[num_machines: 1]
[local_listen_port: 12400]
[time_out: 120]
[machine_list_filename: ]
[machines: ]
[gpu_platform_id: -1]
[gpu_device_id: -1]
[gpu_use_dp: 0]

end of parameters

pandas_categorical:[]
