tree
version=v3
num_class=1
num_tree_per_iteration=1
label_index=0
max_feature_idx=11
objective=binary sigmoid:1
feature_names=Sleepy_complete Simple_reaction_time_Ex5 new_BM_frequency Choice_reaction_time_Ex5 CASIX4 Olfaction_complete_Ex5_Ex4 ECGage new_smoke TBI_LOC BMIX4 HYPBP1 Coffee_oz_Ex1
feature_infos=[0:1] [1:1347] [0:4] [1:1812] [7.5:99] [0:12] [72:90] [0:2] [0:1] [14.6411231134028:39.3445072771772] [0:1] [0:64]
tree_sizes=2024 2082 1750 2041 1951 1729 2018

Tree=0
num_leaves=19
num_cat=0
split_feature=1 5 3 1 6 1 3 3 5 1 5 1 3 1 1 1 5 1
split_gain=12.9066 4.63466 4.12407 5.16341 5.23472 2.54579 2.91642 2.79927 2.24489 2.82993 1.01506 0.928705 0.642534 0.374022 0.345568 0.308423 0.263523 0.000485577
threshold=581.50000000000011 2.5000000000000004 512.50000000000011 302.00000000000006 77.500000000000014 391.00000000000006 463.50000000000006 484.50000000000006 4.5000000000000009 409.50000000000006 4.5000000000000009 755.00000000000011 463.50000000000006 417.50000000000006 755.00000000000011 487.00000000000006 4.5000000000000009 566.50000000000011
decision_type=8 10 10 8 2 10 10 8 10 10 10 8 10 10 10 10 8 8
left_child=2 14 3 12 5 6 -5 -8 9 -4 -6 -3 -1 -12 -2 -11 -13 -10
right_child=1 11 8 4 10 -7 7 -9 17 15 13 16 -14 -15 -16 -17 -18 -19
leaf_value=-1.1181536510162511 -0.73651704668426587 -0.92443305103797546 -0.85224019164687548 -1.0602720811949502 -0.97234247262082141 -0.71430059002399748 -0.73213791067292977 -1.0079579203999789 -1.1125237881907788 -1.0945515386233753 -1.1003946044502282 -0.99401508891220958 -1.0079579203999789 -1.0079579203999789 -0.97234247262082141 -1.0079579203999789 -1.0602720811949504 -1.0079579203999789
leaf_weight=2.7424290478229572 1.7629901021718972 1.9588778913021083 0.78355115652084284 0.78355115652084517 0.78355115652084384 0.97943894565105427 0.78355115652084306 1.1753267347812653 8.8149505108594859 1.3712145239114764 1.5671023130416872 1.5671023130416872 0.78355115652084351 0.78355115652084351 0.78355115652084351 0.78355115652084351 0.78355115652084351 1.1753267347812659
leaf_count=14 9 10 4 4 4 5 4 6 45 7 8 8 4 4 4 4 4 6
internal_value=0 1.16181 -0.393379 0.0187108 0.581468 1.40644 0.58396 1.34929 -0.772317 -0 -0.203156 0.341399 -0.892342 -0.659639 2.28036 -0.596584 -0 -0.997577
internal_weight=0 6.85607 23.3106 10.3821 6.85607 3.72187 2.74243 1.95888 12.9286 2.93832 3.1342 4.30953 3.52598 2.35065 2.54654 2.15477 2.35065 9.99028
internal_count=154 35 119 53 35 19 14 10 66 15 16 22 18 12 13 11 12 51
shrinkage=1


Tree=1
num_leaves=21
num_cat=0
split_feature=3 2 3 3 9 9 3 9 9 9 9 9 3 3 3 9 9 9 3 9
split_gain=9.75421 7.31708 3.00115 3.42584 2.67115 4.31003 2.54737 3.46181 2.14675 0.56813 0.48423 0.414522 0.650914 0.270751 0.627088 0.229884 0.19173 0.269682 0.167392 0.110189
threshold=752.00000000000011 1.5000000000000002 512.50000000000011 463.50000000000006 22.012755900605452 26.457210687813152 484.50000000000006 24.105355848767804 24.720061664384101 22.829048365207004 21.333335891123554 23.625839163599153 685.00000000000011 537.50000000000011 560.00000000000011 21.486170981458653 25.378591521542102 24.585111694086553 426.50000000000006 24.585111694086553
decision_type=8 8 10 8 8 8 10 8 10 10 8 10 10 10 10 10 10 10 8 8
left_child=1 8 3 9 10 -6 7 -5 -1 18 -2 12 -4 -13 -15 -8 17 -16 -3 -17
right_child=4 2 11 6 5 -7 15 -9 -10 -11 -12 13 -14 14 16 19 -18 -19 -20 -21
leaf_value=0 0.045914384266609452 -0.045491325686494569 -0.12007916671911213 0.25700459154363769 0.20765647891690645 0 0.027428897043334989 -0 0.21808566113411523 -0.10379048784677743 -0.049795803527666431 -0.088786181029183953 -0 0.039766961715961203 -0 -0.056430714289767293 -0 -0.084156194891041258 0 -0
leaf_weight=1.1918532401323383 1.2423450499773019 0.74806706607341822 5.8266927152872068 1.0541954636573796 3.2234415262937546 1.4149864017963407 0.80830229818820976 0.79838737845420849 1.1908628195524213 2.2825148552656174 0.77038323879241932 1.5129392743110655 0.94192941486835469 0.76816493272781361 0.79050421714782781 0.79974737763404813 1.5725559294223783 1.3411851674318311 1.0101621896028519 0.76644131541252147
leaf_count=6 6 4 31 5 16 7 4 4 6 12 4 8 5 4 4 4 8 7 5 4
internal_value=0 -0.309255 -0.519683 -0 1.05987 1.47592 0.576769 1.44891 1.26509 -0.701699 0 -0.824189 -1.08869 -0.415022 -0.103886 -0 -0.381545 -0.582748 -0 -0.320241
internal_weight=0 23.4045 21.0218 8.26782 6.65116 4.63843 4.22707 1.85258 2.38272 4.04074 2.01273 12.754 6.76862 5.98535 4.47241 2.37449 3.70425 2.13169 1.75823 1.56619
internal_count=154 121 109 42 33 23 21 9 12 21 10 67 36 31 23 12 19 11 9 8
shrinkage=0.0984825


Tree=2
num_leaves=17
num_cat=0
split_feature=5 2 2 9 9 2 9 9 9 9 9 9 9 9 9 9
split_gain=10.2158 6.41239 5.17407 0.462966 0.384359 0.259535 0.811827 2.5993 2.24401 0.662539 0.477242 0.423378 0.205612 0.135013 1.6428 0.47276
threshold=4.5000000000000009 1.5000000000000002 2.5000000000000004 29.304717945361805 24.105355848767804 2.5000000000000004 25.583833254847352 23.625839163599153 21.333335891123554 27.569265755770456 19.773614146084807 24.105355848767804 24.720061664384101 23.679356518476954 21.486170981458653 22.012755900605452
decision_type=10 8 8 8 10 8 10 10 10 8 10 10 10 10 10 8
left_child=2 -2 3 13 -4 6 7 8 10 -7 -3 -9 -13 14 -1 -16
right_child=1 5 4 -5 -6 9 -8 11 -10 -11 -12 12 -14 -15 15 -17
leaf_value=0.15606472312222844 0.14755448148718547 -0.024951090903613853 -0.070814126353146017 0 0 -0.098451302123163179 -0.083714623239774008 0.11029355012281568 -0.10985987265697748 0 0.054433532724208804 -0 0.03804479334212893 0.1824497636741656 -0.042226645086193483 0.050769693517662397
leaf_weight=1.4342320859432232 1.4646067172288919 1.5088354647159596 0.98144435882568481 1.0387169569730756 1.2619312852621076 5.0041359364986411 3.388665333390235 0.88051323592662845 3.4265450239181519 0.74431872367858865 1.2010403275489805 1.1717054247856142 1.3413330763578413 3.1300360858440399 0.73032179474830594 1.2120310515165329
leaf_count=7 7 8 5 5 6 27 18 4 19 4 6 6 7 15 4 6
internal_value=0 -0.381046 0.861271 1.27475 -0.249504 -0.565023 -0.378483 -0.141939 -0.578431 -0.869628 0 0.46029 0 1.39775 0.775092 0
internal_weight=0 20.1317 9.78871 7.54534 2.24338 18.6671 12.9186 9.52997 6.13642 5.74845 2.70988 3.39355 2.51304 6.50662 3.37658 1.94235
internal_count=154 106 48 37 11 99 68 50 33 31 14 17 13 32 17 10
shrinkage=0.0984825


Tree=3
num_leaves=21
num_cat=0
split_feature=3 6 6 3 3 6 3 4 4 6 6 4 3 3 4 4 4 4 6 9
split_gain=4.9741 3.7983 2.87753 1.93025 3.1366 2.03219 1.99592 1.52198 1.36091 1.0893 0.714903 2.1974 0.667997 0.641361 0.58335 0.578244 0.634182 0.0623013 0.0622578 0.0248653
threshold=1162.0000000000002 82.500000000000014 81.500000000000014 645.50000000000011 512.50000000000011 77.500000000000014 472.50000000000006 96.200000000000017 84.450000000000017 78.500000000000014 78.500000000000014 89.950000000000017 452.00000000000006 732.00000000000011 84.15000000000002 80.750000000000014 96.200000000000017 89.950000000000017 85.500000000000014 21.694980067587853
decision_type=8 2 2 8 8 2 10 2 2 2 2 2 10 10 2 2 2 2 2 8
left_child=2 19 3 4 6 13 7 12 -7 15 11 -8 14 -5 -1 -6 -17 -10 -4 -2
right_child=1 -3 18 5 9 8 10 -9 17 -11 -12 -13 -14 -15 -16 16 -18 -19 -20 -21
leaf_value=-0 0.016677883522664524 0.2307819474519916 -0.11128834248816656 -0.069484195033808677 -0 0.21789685836489503 0.164359963197373 0.0616782559186402 -0 0 -0 -0 0 0.023681999429838473 -0.10155176028763187 -0.11266128214918825 -0 0.029525633522061053 -0 -0
leaf_weight=0.73975446820260371 0.83058349788188846 1.358316510915756 3.1686511784791938 1.0816420465707772 0.7666911780834188 0.88407626748085055 1.6927942931652076 1.0868875086307523 0.78962455689907052 1.3323295414447782 0.80335071682929982 1.4152515977621076 1.3825210183858869 1.4297484606504438 2.3501076251268387 4.6680014431476593 0.90106265246868134 0.79474592208862305 1.1397615373134611 1.0360565185546875
leaf_count=4 4 6 17 6 4 4 8 5 4 7 4 7 7 7 13 27 5 4 6 5
internal_value=0 1.08803 -0.211135 -0.0346953 -0.220013 0.473687 0.109082 -0.191355 1.12278 -0.707344 0.694497 0.912635 -0.534115 -0 -0.790636 -0.880848 -0.992559 0.0874968 -0.963152 0
internal_weight=0 3.22496 26.427 22.1186 17.1388 4.97984 9.47067 5.55927 2.46845 7.66808 3.9114 3.10805 4.47238 2.51139 3.08986 6.33576 5.56906 1.58437 4.30841 1.86664
internal_count=154 15 139 116 91 25 48 29 12 43 19 15 24 13 17 36 32 8 23 9
shrinkage=0.0984825


Tree=4
num_leaves=19
num_cat=0
split_feature=5 3 3 11 5 3 3 5 5 5 3 10 3 3 3 3 3 3
split_gain=9.23095 2.80363 2.60016 1.95941 1.00552 3.32563 0.765298 0.757514 1.29799 0.611811 0.56086 0.509527 0.972808 0.881858 0.439529 0.433447 0.360251 0.0306299
threshold=3.5000000000000004 752.00000000000011 685.00000000000011 10.000000000000002 6.5000000000000009 492.50000000000006 645.50000000000011 9.5000000000000018 10.500000000000002 6.5000000000000009 667.00000000000011 1.0000000180025095e-35 560.00000000000011 479.50000000000006 685.00000000000011 899.00000000000011 685.00000000000011 578.00000000000011
decision_type=10 10 8 2 8 8 10 10 10 10 10 2 10 10 10 10 8 10
left_child=2 3 11 4 5 -2 7 -6 -9 -3 -5 -1 13 -13 -12 -4 17 -7
right_child=1 9 15 10 6 16 -8 8 -10 -11 14 12 -14 -15 -16 -17 -18 -19
leaf_value=0.068313074211375932 0.19010137104023439 0.13491914720644496 0.18012101587763563 -0.085551682200288887 -0.099611715966359635 -0 0 0.055676080199829427 -0.079009842523954599 0 0.029156823786521163 -0 -0.072619371958601214 0.11441162839037834 -0.06097173131568711 0 0.0041120552110755233 -0.061047241323875005
leaf_weight=1.5193528234958655 0.93396739661694039 0.82794260978698675 3.0044704675674452 8.1554150283336622 2.1516886949539193 0.903199523687363 0.9831322282552718 1.1872638612985613 1.3725578188896177 1.2217751443386076 0.79489405453204987 0.93135045468807232 1.11158812046051 0.87523804605007172 0.92015363276004802 0.89649741351604451 0.87758426368236531 1.0051394701004026
leaf_count=7 4 4 13 46 12 5 5 6 8 6 4 5 6 4 5 4 4 6
internal_value=0 -0.296585 0.938572 -0.436004 -0.0346966 0.283131 -0.353404 -0.558516 -0 0.695976 -0.75325 0.231156 -0 0.434901 -0 1.5727 -0.0622554 -0.435942
internal_weight=0 21.3347 8.3385 19.285 9.41453 3.71989 5.69464 4.71151 2.55982 2.04972 9.87046 4.43753 2.91818 1.80659 1.71505 3.90097 2.78592 1.90834
internal_count=154 115 39 105 50 19 31 26 14 10 55 22 15 9 9 17 15 11
shrinkage=0.0984825


Tree=5
num_leaves=17
num_cat=0
split_feature=1 1 1 4 1 4 4 4 4 1 1 4 4 1 4 4
split_gain=9.97075 1.53511 1.92386 1.46621 0.902067 0.848427 0.77672 1.82372 1.37303 1.62635 0.485476 0.191968 0.316345 0.221743 0.0248512 0.00722036
threshold=581.50000000000011 409.50000000000006 290.50000000000006 80.750000000000014 849.00000000000011 96.200000000000017 93.200000000000017 89.950000000000017 88.350000000000009 349.00000000000006 332.00000000000006 81.65000000000002 85.300000000000026 327.50000000000006 77.250000000000014 96.200000000000017
decision_type=8 10 8 2 10 2 2 2 2 8 10 2 2 10 2 2
left_child=1 2 -1 14 -2 -5 7 8 11 -10 -9 -4 13 -13 -3 -8
right_child=4 3 6 5 -6 -7 15 10 9 -11 -12 12 -14 -15 -16 -17
leaf_value=-0.093819501254942039 0.11056747502562758 -0.0020869996648245079 -0.048564814657353794 -0.10091882379250686 0 0 0.087200432422378793 -0 0.18101062100461024 -0 -0.094266590363569727 -0 -0.0087074644344410888 0.067900835260736217 0.01664346212089899 0
leaf_weight=2.1244436651468321 6.4389185309410086 1.2554324120283111 0.7529497146606432 6.1505806595087051 1.2500488460063932 0.69338615238666523 0.99426510930061451 0.74176840484142337 0.94486346840858415 0.75919461250305187 2.1417732089757919 0.75098086893558524 1.280765429139137 1.0738480836153028 0.81336839497089375 1.0715038776397703
leaf_count=13 29 7 4 36 6 4 5 4 4 4 13 4 7 5 4 5
internal_value=0 -0.354375 -0.0708277 -0.68362 0.969411 -0.906065 0.0499645 -0.0160966 0.237449 0.985012 -0.719171 -0 0.00138404 0.405503 0 0.617219
internal_weight=0 21.5491 12.6364 8.91277 7.68897 6.84397 10.5119 8.44614 5.5626 1.70406 2.88354 3.85854 3.10559 1.82483 2.0688 2.06577
internal_count=154 119 68 51 35 40 55 45 28 8 17 20 16 9 11 10
shrinkage=0.0984825


Tree=6
num_leaves=20
num_cat=0
split_feature=1 1 1 1 4 4 4 11 4 4 1 1 1 1 11 11 4 4 1
split_gain=4.93915 1.83184 1.8184 1.54843 1.42672 2.47353 1.12537 0.808385 0.807688 0.599828 2.86498 0.830436 0.556752 0.400359 0.373104 0.274698 0.525258 0.274548 0.189207
threshold=539.00000000000011 442.50000000000006 770.00000000000011 290.50000000000006 84.15000000000002 70.40000000000002 91.200000000000017 22.000000000000004 83.100000000000009 91.700000000000017 407.50000000000006 407.50000000000006 338.50000000000006 877.00000000000011 10.000000000000002 10.000000000000002 89.450000000000017 94.65000000000002 334.50000000000006
decision_type=8 8 10 8 2 2 2 2 2 2 10 10 10 8 2 2 2 2 10
left_child=1 3 4 -1 5 -2 14 8 -5 11 12 15 -11 -4 -6 16 -10 -9 -17
right_child=2 -3 13 7 6 -7 -8 17 9 10 -12 -13 -14 -15 -16 18 -18 -19 -20
leaf_value=-0.089418281934442428 0 -0.088910703896142917 -0.067006338958355699 0.082393030606084217 -0.065282569567600576 0.1785753503159391 0.085021954221067217 -0.077485128009662216 0.057941260399367672 0.012506278048500939 0.17465335425236056 -0.079380655160312688 -0.067301087636731857 0 0 0 -0 -0 -0.055589393342290405
leaf_weight=1.9989844560623213 2.056208133697508 4.387581765651702 0.84942375123500702 1.4547088146209706 0.9462306201457984 2.6170492023229599 1.4215168505907056 1.3316544294357311 1.9779676049947725 0.84889012575149581 1.0243931561708448 1.4375044256448744 1.1277288198471067 1.0553586781024933 1.1878339797258375 0.68389761447906472 0.99280783534049954 0.72737571597099293 0.8796773999929427
leaf_count=13 9 27 4 7 5 11 7 8 9 4 5 9 7 5 6 4 5 4 5
internal_value=0 -0.31728 0.546335 -0.0944542 0.765569 1.15207 0.0745573 0 0.150188 0 0.39447 -0.145491 -0.024442 -0.0708024 -0.164447 0 0.239169 -0.522627 -0.253328
internal_weight=0 18.8732 10.1336 14.4856 8.22884 4.67326 3.55558 12.4866 10.4276 8.97287 3.00101 5.97185 1.97662 1.90478 2.13406 4.53435 2.97078 2.05903 1.56358
internal_count=154 107 47 80 38 20 18 67 55 48 16 32 11 9 11 23 14 12 9
shrinkage=0.0984825


end of trees

feature importances:
Choice_reaction_time_Ex5=29
Simple_reaction_time_Ex5=25
BMIX4=24
CASIX4=23
Olfaction_complete_Ex5_Ex4=10
ECGage=7
new_BM_frequency=4
Coffee_oz_Ex1=4
HYPBP1=1

parameters:
[boosting: gbdt]
[objective: binary]
[metric: auc]
[tree_learner: serial]
[device_type: cpu]
[data: ]
[valid: ]
[num_iterations: 100]
[learning_rate: 0.0984825]
[num_leaves: 25]
[num_threads: 4]
[max_depth: 39]
[min_data_in_leaf: 4]
[min_sum_hessian_in_leaf: 0.001]
[bagging_fraction: 0.827927]
[pos_bagging_fraction: 1]
[neg_bagging_fraction: 1]
[bagging_freq: 1]
[bagging_seed: 3]
[feature_fraction: 0.45368]
[feature_fraction_bynode: 1]
[feature_fraction_seed: 2]
[early_stopping_round: 0]
[first_metric_only: 0]
[max_delta_step: 0]
[lambda_l1: 0.633939]
[lambda_l2: 0.0364375]
[min_gain_to_split: 0]
[drop_rate: 0.1]
[max_drop: 50]
[skip_drop: 0.5]
[xgboost_dart_mode: 0]
[uniform_drop: 0]
[drop_seed: 4]
[top_rate: 0.2]
[other_rate: 0.1]
[min_data_per_group: 100]
[max_cat_threshold: 32]
[cat_l2: 10]
[cat_smooth: 10]
[max_cat_to_onehot: 4]
[top_k: 20]
[monotone_constraints: ]
[feature_contri: ]
[forcedsplits_filename: ]
[forcedbins_filename: ]
[refit_decay_rate: 0.9]
[cegb_tradeoff: 1]
[cegb_penalty_split: 0]
[cegb_penalty_feature_lazy: ]
[cegb_penalty_feature_coupled: ]
[verbosity: 1]
[max_bin: 122]
[max_bin_by_feature: ]
[min_data_in_bin: 3]
[bin_construct_sample_cnt: 200000]
[histogram_pool_size: -1]
[data_random_seed: 1]
[output_model: LightGBM_model.txt]
[snapshot_freq: -1]
[input_model: ]
[output_result: LightGBM_predict_result.txt]
[initscore_filename: ]
[valid_data_initscores: ]
[pre_partition: 0]
[enable_bundle: 1]
[max_conflict_rate: 0]
[is_enable_sparse: 1]
[sparse_threshold: 0.8]
[use_missing: 1]
[zero_as_missing: 0]
[two_round: 0]
[save_binary: 0]
[header: 0]
[label_column: ]
[weight_column: ]
[group_column: ]
[ignore_column: ]
[categorical_feature: ]
[predict_raw_score: 0]
[predict_leaf_index: 0]
[predict_contrib: 0]
[num_iteration_predict: -1]
[pred_early_stop: 0]
[pred_early_stop_freq: 10]
[pred_early_stop_margin: 10]
[convert_model_language: ]
[convert_model: gbdt_prediction.cpp]
[num_class: 1]
[is_unbalance: 0]
[scale_pos_weight: 1]
[sigmoid: 1]
[boost_from_average: 1]
[reg_sqrt: 0]
[alpha: 0.9]
[fair_c: 1]
[poisson_max_delta_step: 0.7]
[tweedie_variance_power: 1.5]
[max_position: 20]
[lambdamart_norm: 1]
[label_gain: ]
[metric_freq: 1]
[is_provide_training_metric: 0]
[eval_at: ]
[multi_error_top_k: 1]
[num_machines: 1]
[local_listen_port: 12400]
[time_out: 120]
[machine_list_filename: ]
[machines: ]
[gpu_platform_id: -1]
[gpu_device_id: -1]
[gpu_use_dp: 0]

end of parameters

pandas_categorical:[]
