tree
version=v3
num_class=1
num_tree_per_iteration=1
label_index=0
max_feature_idx=11
objective=binary sigmoid:1
feature_names=Sleepy_complete Simple_reaction_time_Ex5 new_BM_frequency Choice_reaction_time_Ex5 CASIX4 Olfaction_complete_Ex5_Ex4 ECGage new_smoke TBI_LOC BMIX4 HYPBP1 Coffee_oz_Ex1
feature_infos=[0:1] [1:1347] [0:4] [1:1812] [7.5:99] [0:12] [72:90] [0:2] [0:1] [14.8542690108118:39.3445072771772] [0:1] [0:64]
tree_sizes=1707 1731 2044 1663 1735 2037 2071 1773 1800 1645 1728 1815 1949

Tree=0
num_leaves=16
num_cat=0
split_feature=1 5 6 3 1 6 1 1 5 1 1 1 1 6 6
split_gain=10.4793 6.29077 6.204 3.99721 2.65995 1.00102 0.998418 2.66959 0.526088 0.33955 0.226336 0.0551991 0.0450524 0.0370318 1.79579
threshold=521.50000000000011 1.0000000180025095e-35 73.500000000000014 477.50000000000006 375.50000000000006 76.500000000000014 336.50000000000006 369.50000000000006 8.5000000000000018 395.50000000000006 400.00000000000006 429.50000000000006 521.50000000000011 81.500000000000014 85.500000000000014
decision_type=10 10 2 8 8 2 10 10 10 10 10 8 8 2 2
left_child=1 3 4 -1 -3 6 -4 -8 13 -6 -9 -5 -7 -2 -15
right_child=8 2 5 11 9 12 7 10 -10 -11 -12 -13 -14 14 -16
leaf_value=-1.000631880307906 -0.86330030702865856 -0.80525584974555586 -1.0980227876305939 -0.72639436817268321 -1.0534648195268888 -1.1095536666230894 -0.89712720615190289 -1.000631880307906 -1.000631880307906 -0.96582024751816908 -1.0713378848948376 -0.96582024751816908 -1.000631880307906 -1.000631880307906 -0.8461073078454262
leaf_weight=1.1793270707130497 3.734535723924636 0.98277255892753901 1.7689906060695673 0.78621804714202848 0.78621804714202859 10.220834612846371 1.3758815824985502 0.78621804714202914 1.179327070713043 0.78621804714202881 2.5552086532115936 0.78621804714202892 1.1793270707130439 1.179327070713043 0.7862180471420287
leaf_count=6 19 5 9 4 4 52 7 4 6 4 13 4 6 6 4
internal_value=0 -0.391156 -0.601767 0.933441 0.722104 -0.827345 -0.342959 -0 1.00602 -0 -0.57313 1.99862 -1.04554 1.14536 0.338609
internal_weight=0 23.1934 20.4417 2.75176 2.55521 17.8865 6.4863 4.71731 6.87941 1.57244 3.34143 1.57244 11.4002 5.70008 1.96555
internal_count=153 118 104 14 13 91 33 24 35 8 17 8 58 29 10
shrinkage=1


Tree=1
num_leaves=17
num_cat=0
split_feature=3 2 2 9 3 3 3 3 9 9 3 3 3 9 9 9
split_gain=11.1817 6.80333 3.23763 2.60404 3.30783 1.80517 1.30885 1.18872 1.65208 1.0937 1.0506 5.50668 0.705243 0.554951 0.711222 0.532421
threshold=793.00000000000011 2.5000000000000004 1.5000000000000002 24.366334418290954 599.50000000000011 494.00000000000006 477.50000000000006 464.50000000000006 21.547673528562903 26.662388211057706 486.50000000000006 477.50000000000006 537.50000000000011 23.340568961797903 20.856249432780405 23.819613784097502
decision_type=10 10 8 8 8 10 10 8 10 10 10 10 10 10 10 10
left_child=1 2 6 5 10 7 -1 -4 -9 -3 11 -5 -12 14 -7 -15
right_child=-2 9 3 4 -6 13 -8 8 -10 -11 12 -13 -14 15 -16 -17
leaf_value=0.17722802505604079 0.17960744258227246 -0.12155366331072423 -0.073127754885785975 -0.063196968723729055 0.14816919309122376 -0 0 0.1305282677595225 -0 -0 -0.089172583144507989 0.25065423504674311 0 0.028131166606487054 -0.11518218523693599 -0.066912662780901022
leaf_weight=1.3610245585441689 2.8770601749420157 6.090304732322692 1.1220843940973297 0.94352836906909843 1.8297042548656461 0.79024350643157948 1.1826674342155454 1.2170824706554415 1.7477501034736631 1.8117032349109647 1.5198682397603991 0.82542303204536449 1.3721526861190794 0.80488890409469582 3.5022631734609604 0.96819698810577404
leaf_count=7 14 32 6 5 9 4 6 6 9 9 8 4 7 4 18 5
internal_value=0 -0.234946 0.0562251 -0.0699167 0.374689 -0.416703 1.11659 0 0.428061 -1.01881 -0 0.51556 -0.441462 -0.765357 -0.976674 -0
internal_weight=0 27.0889 19.1869 16.6432 6.49068 10.1525 2.54369 4.08692 2.96483 7.90201 4.66097 1.76895 2.89202 6.06559 4.29251 1.77309
internal_count=153 139 98 85 33 52 13 21 15 41 24 9 15 31 22 9
shrinkage=0.0984825


Tree=2
num_leaves=20
num_cat=0
split_feature=2 5 9 9 9 9 2 9 2 9 9 9 9 9 9 9 9 9 9
split_gain=5.35399 4.49 3.1214 0.666934 1.23648 0.661255 0.623233 0.490952 0.722162 0.38714 1.64059 0.564036 0.294499 0.283918 0.194016 0.876997 0.0696831 0.041452 0.262436
threshold=1.5000000000000002 4.5000000000000009 25.377645199641954 24.171862929000252 22.012755900605452 20.856249432780405 1.5000000000000002 26.194372560387954 2.5000000000000004 23.402413886137353 24.857500501536403 21.411205833776055 21.051307979745854 28.934263858216553 28.479159024889803 26.662388211057706 20.055776864566557 28.239234809643353 27.055397463330955
decision_type=8 10 10 8 10 10 10 10 10 8 10 10 10 8 8 8 10 8 10
left_child=-1 2 3 4 5 -2 -3 8 9 11 -11 12 16 17 15 -4 -8 18 -9
right_child=1 6 14 -5 -6 -7 7 13 -10 10 -12 -13 -14 -15 -16 -17 -18 -19 -20
leaf_value=0.127790381039708 0 0 0.11668357575812954 -0.072802686538810654 0.078864354291880642 -0.07621003807703404 -0 0.008105484347784726 -0.095762962630449464 0.044698502539326258 -0.085776316620983326 -0.076334517564396326 0.035753913573255643 -0.057339198546042566 0.21416265878086649 -0 -0.05488918364317228 0.021572056294630101 -0.054307033483463316
leaf_weight=2.6909053474664715 0.99746298789978316 1.1694082170724893 0.87278003990650177 0.99653632938861836 1.9760061204433441 1.1485979110002515 0.7902435064315807 1.5963742434978483 5.0034716725349417 2.3650218844413771 1.4740802645683286 2.9774492383003235 0.78128214180469502 0.80110587179660786 0.8906823694705962 0.85195836424827587 0.78896985948085774 0.82749630510807026 0.79022516310214974
leaf_count=13 5 6 4 5 10 6 4 8 28 12 8 16 4 4 4 4 4 4 4
internal_value=0 -0.168111 0.434692 -0 0.156945 -0.148893 -0.441897 -0.491915 -0.587243 -0.305437 -0 -0.48163 -0 -0 1.31558 0.476185 -0.339955 0 -0
internal_weight=0 27.0992 7.73402 5.1186 4.12207 2.14606 19.3651 18.1957 14.1805 9.17705 3.8391 5.33794 2.3605 4.0152 2.61542 1.72474 1.57921 3.2141 2.3866
internal_count=153 140 38 26 21 11 102 96 76 48 20 28 12 20 12 8 8 16 12
shrinkage=0.0984825


Tree=3
num_leaves=16
num_cat=0
split_feature=3 4 6 8 3 9 9 9 3 3 9 3 9 9 9
split_gain=7.63041 8.19445 2.09379 1.96612 1.86787 2.20097 1.98942 3.33241 1.69726 1.63841 1.291 1.22651 2.49358 0.70769 0.257093
threshold=793.00000000000011 95.250000000000014 73.500000000000014 1.0000000180025095e-35 563.50000000000011 28.934263858216553 25.377645199641954 27.346635032414152 504.50000000000006 537.50000000000011 24.683502017786253 934.00000000000011 23.402413886137353 19.656181603455455 21.547673528562903
decision_type=8 2 2 10 10 10 10 10 10 10 10 10 8 10 10
left_child=1 2 10 11 5 13 14 -8 -3 -10 -1 12 -2 -4 -6
right_child=3 8 4 -5 6 -7 7 -9 9 -11 -12 -13 -14 -15 -16
leaf_value=0.12025315890598783 0 0.17850836570909023 -0 0.23376872740257321 -0 0.011170415934060283 0.15385194852571965 -0.059525247247685854 -0.055683274704673894 0.12070411745724685 -0.0090140332872558383 -0 0.21882332957296921 -0.10698460480348301 -0.074854041384377651
leaf_weight=0.85931402444840477 1.3674116283655164 1.639732658863067 0.78474307060241777 1.1040323525667188 0.78693868219852381 0.84067632257938463 1.4416146874427798 0.8161323070526123 0.88853192329406705 0.8573901504278183 1.2373734116554258 1.5685678422451017 0.8824314773082732 11.525555163621901 2.9205073416233063
leaf_count=4 7 8 4 5 4 4 7 4 5 4 6 7 4 64 16
internal_value=0 -0.318821 -0.569374 1.03151 -0.682726 -0.902747 -0.0895002 0.505539 1.05512 0 0.160908 0.460208 0.945284 -1.02362 -0.622585
internal_weight=0 24.5985 21.2129 4.92244 19.1162 13.151 5.96519 2.25775 3.38565 1.74592 2.09669 3.81841 2.24984 12.3103 3.70745
internal_count=153 130 113 23 103 72 31 11 17 9 10 18 11 68 20
shrinkage=0.0984825


Tree=4
num_leaves=17
num_cat=0
split_feature=5 3 3 5 3 8 5 11 8 3 3 3 5 3 11 11
split_gain=7.4387 2.86733 2.85547 6.05789 3.48709 3.15705 2.37824 1.74979 2.78357 1.46205 0.663314 0.511006 0.465378 0.286794 0.0611718 0.000428196
threshold=7.5000000000000009 649.50000000000011 491.50000000000006 1.0000000180025095e-35 438.00000000000006 1.0000000180025095e-35 2.5000000000000004 34.000000000000007 1.0000000180025095e-35 563.50000000000011 649.50000000000011 537.50000000000011 5.5000000000000009 934.00000000000011 6.0000000000000009 10.000000000000002
decision_type=10 10 8 10 10 10 10 2 8 10 10 10 10 10 2 2
left_child=1 2 4 -4 -1 9 15 8 13 -5 -2 -7 -11 -3 -14 -6
right_child=10 7 3 5 6 11 -8 -9 -10 12 -12 -13 14 -15 -16 -17
leaf_value=-0.058263860988237444 -0.073865414557732739 0.21110180391888597 0.17453143233071014 -0.11439719266292678 -0 0.10322428987545387 0.19767079867484441 -0 -0 -0.063451326683811204 -0 -0 0.031451600764694311 0.055397043060114302 -0 0.002135653743341044
leaf_weight=0.80384486913681452 8.1985682100057584 2.2415676862001415 1.3107978701591498 4.4453435540199262 0.7832242548465731 0.90175643563270547 2.0912517607212067 0.8462417572736739 0.86307775974273659 1.0282118916511538 1.4085016399621952 0.75582572817802429 0.79306690394878365 1.5901990532875059 0.77752231061458588 0.87410195171833027
leaf_count=4 46 10 6 25 4 4 10 4 4 6 7 4 4 7 4 4
internal_value=0 0.420445 0.135098 -0.10988 0.808639 -0.472147 1.2792 1.05105 1.29311 -0.804726 -0.641565 0.553886 -0 1.66277 0.12075 0
internal_weight=0 20.106 14.5649 10.0125 4.55242 8.70173 3.74858 5.54109 4.69484 7.04414 9.60707 1.65758 2.5988 3.83177 1.57059 1.65733
internal_count=153 100 75 53 22 47 18 25 21 39 53 8 14 17 8 8
shrinkage=0.0984825


Tree=5
num_leaves=20
num_cat=0
split_feature=1 4 1 1 1 4 4 4 1 4 4 4 4 1 4 4 4 4 1
split_gain=6.90845 3.26146 1.50951 1.78304 1.88439 1.50753 1.26246 2.91504 1.70441 0.782539 0.71602 0.36264 0.310243 0.286329 0.265102 0.256765 0.192783 0.0669457 0.0645717
threshold=508.00000000000006 95.250000000000014 390.00000000000006 307.00000000000006 327.50000000000006 74.90000000000002 84.850000000000009 91.200000000000017 570.00000000000011 91.950000000000017 72.600000000000009 86.450000000000017 88.950000000000017 375.50000000000006 86.950000000000017 87.950000000000017 84.550000000000011 65.550000000000011 408.50000000000006
decision_type=8 2 10 8 10 2 2 2 8 2 2 2 2 10 2 2 2 2 10
left_child=1 2 3 16 -5 17 8 11 -7 12 -4 -8 14 -3 -6 -13 -1 -2 -15
right_child=5 13 10 4 9 6 7 -9 -10 -11 -12 15 -14 18 -16 -17 -18 -19 -20
leaf_value=-0 0.016029167019943173 0.11520885257870872 0 0.12074516449943926 0 0 -0.061000223831963254 0.15354962785364731 0.17811185625352183 -0.076374481522168913 -0.10032938302139938 0.046247964269347165 0.047899851352127251 -0 -0.05565190867680226 -0.0017175636372957688 -0.09667261971169698 -0.014488494025254832 0.02770743988170447
leaf_weight=0.94075366854668141 1.4544981271028512 0.8715756386518474 0.73115155100822349 1.2171406000852592 1.11236809194088 1.1022070646285995 0.91192224621772811 1.3562602549791334 2.7314438372850418 1.3306671828031538 5.945783719420433 1.1261950731277468 1.2750035524368284 0.94862528145313252 0.79375001788139332 1.1798599809408186 2.1947135627269745 1.2317849993705747 0.77933208644390095
leaf_count=5 7 4 4 6 6 5 5 6 12 8 35 5 7 5 4 6 13 6 4
internal_value=0 -0.322603 -0.519054 -0.154967 0.0829555 0.673632 0.881283 0.319876 1.37802 -0.0933881 -0.904527 -0.0192505 0.000471976 0.602323 -0.00123575 0 -0.785503 0 0
internal_weight=0 18.1409 15.5413 8.8644 5.72893 11.0942 8.40789 4.57424 3.83365 4.51179 6.67694 3.21798 3.18112 2.59953 1.90612 2.30606 3.13547 2.68628 1.72796
internal_count=153 101 88 49 31 52 39 22 17 25 39 16 17 13 10 11 18 13 9
shrinkage=0.0984825


Tree=6
num_leaves=21
num_cat=0
split_feature=1 4 1 1 11 4 11 11 1 4 4 4 4 11 4 4 4 4 1 1
split_gain=4.57745 3.88915 2.88732 2.02975 1.50394 1.37877 2.01312 1.36717 0.543655 0.437377 0.41972 1.8054 1.37034 0.410366 0.336838 1.03784 0.327496 0.303875 0.24967 0.0367882
threshold=508.00000000000006 95.250000000000014 390.00000000000006 307.00000000000006 14.000000000000002 74.90000000000002 34.000000000000007 1.0000000180025095e-35 395.50000000000006 91.950000000000017 85.200000000000017 87.200000000000017 76.200000000000017 30.000000000000004 81.200000000000017 87.200000000000017 89.200000000000017 69.450000000000017 363.50000000000006 333.50000000000006
decision_type=10 2 10 8 2 2 2 2 10 2 2 2 2 2 2 2 2 2 8 8
left_child=1 2 3 -1 7 17 10 19 -3 14 12 -12 -7 -4 -9 -16 -17 -2 -6 -5
right_child=5 8 13 4 18 6 -8 9 -10 -11 11 -13 -14 -15 15 16 -18 -19 -20 -21
leaf_value=-0.0781956390643858 0.010097387758508316 0 -0.11169360061044541 0 -0 0 -0 0 0.10878407471269376 -0 -0.012936744914911381 0.11563434707635251 0.19591552382870522 -0 0.20407818583581985 -0 0.059590744733348598 -0.058489488569750746 -0.081133359288444229 -0.030898338168219863
leaf_weight=3.2424775660038074 0.8495890349149684 1.2284770756959908 5.4692601561546317 0.72178968787193265 0.84420225024223361 0.95400483906269107 1.0576839596033094 1.0881035774946211 1.6460580378770826 0.69357335567474354 1.2032382339239123 1.5566594302654264 1.9409324973821638 0.93059541285037983 0.90762917697429679 0.92144796252250705 1.1667739748954771 0.7986617237329483 1.1614371687173841 0.67029406130313884
leaf_count=19 4 6 34 4 5 4 5 5 8 4 6 7 8 5 4 5 6 4 6 4
internal_value=0 -0.270941 -0.467468 -0.101219 0.0986585 0.603246 0.8106 0.405515 0.720045 0.699418 1.06438 0.383992 1.48394 -1.01811 0.823212 1.01584 0.23066 -0 -0.525226 -0.151481
internal_weight=0 20.6921 17.8176 11.4177 8.17525 8.36077 6.71252 6.16961 2.87454 4.77753 5.65484 2.7599 2.89494 6.39986 4.08395 2.99585 2.08822 1.64825 2.00564 1.39208
internal_count=153 115 101 62 43 38 30 32 14 24 25 13 12 39 20 15 11 8 11 8
shrinkage=0.0984825


Tree=7
num_leaves=17
num_cat=0
split_feature=2 2 9 8 9 10 9 9 9 9 9 9 9 9 9 9
split_gain=7.01129 2.06305 1.71679 0.758734 0.739311 0.712797 0.519367 1.04572 0.35757 0.236485 0.241457 0.228311 0.20706 0.0906597 0.20854 0.0145192
threshold=1.5000000000000002 2.5000000000000004 24.477864643370253 1.0000000180025095e-35 26.434276811244054 1.0000000180025095e-35 23.402413886137353 26.662388211057706 28.479159024889803 20.856249432780405 22.012755900605452 25.377645199641954 22.199593116478052 22.678510867667352 23.625839163599153 24.683502017786253
decision_type=8 10 8 8 10 2 10 10 10 10 10 8 10 10 10 10
left_child=-1 2 3 9 11 -3 12 -8 -6 -2 -11 15 -7 -12 -15 -4
right_child=1 5 4 -5 8 6 7 -9 -10 10 13 -13 -14 14 -16 -17
leaf_value=0.13461374592657455 0.028257085935147998 -0.1044078242248058 0.013058896102394593 -0.083635227420053873 -0.016617103225925658 -0 -0.088495999448014451 0 0.035285300420734543 -0.043974331062932706 0.028203967178276251 0.096282323967129865 0.051618481270768131 -0.029968688174098188 0 -0
leaf_weight=3.6854344010353115 1.3520146161317868 2.4601307958364478 0.78930927813052931 1.499603524804116 2.0499512404203415 1.0035144239664076 2.0478499829769139 1.1341880857944486 2.2862655520439148 1.7874068617820738 0.78574645519256581 2.4779935479164124 0.71950930356979359 2.4664039462804799 1.0845548361539838 0.88463732600212097
leaf_count=16 7 14 4 9 11 6 14 6 11 10 4 12 4 14 6 5
internal_value=0 -0.0933551 0.0623307 -0.196808 0.41039 -0.546646 -0.154883 -0.444984 0 -0 -0.140828 0.720625 0.0186863 -0 -0.0804648 0
internal_weight=0 24.8291 17.4639 8.97573 8.48816 7.36519 4.90506 3.18204 4.33622 7.47613 6.12411 4.15194 1.72302 4.33671 3.55096 1.67395
internal_count=153 137 93 50 43 44 30 20 22 41 34 21 10 24 20 9
shrinkage=0.0984825


Tree=8
num_leaves=18
num_cat=0
split_feature=2 1 3 3 1 3 1 1 3 3 1 1 1 3 3 3 3
split_gain=4.68973 5.26355 2.50494 1.35251 3.0328 1.63215 2.3998 2.08302 0.946655 0.594212 0.261073 0.198767 0.110741 0.0218011 1.35207 0.13781 0.319118
threshold=1.5000000000000002 617.50000000000011 513.50000000000011 494.00000000000006 307.00000000000006 470.00000000000006 381.50000000000006 336.50000000000006 744.50000000000011 934.00000000000011 1.0000000180025095e-35 893.50000000000011 369.50000000000006 537.50000000000011 610.00000000000011 580.50000000000011 555.50000000000011
decision_type=8 10 8 10 10 10 10 10 8 10 10 10 8 8 10 10 10
left_child=2 3 -1 4 10 12 7 -7 13 -3 -2 -11 -6 -5 15 16 -15
right_child=1 9 -4 8 5 6 -8 -9 -10 11 -12 -13 -14 14 -16 -17 -18
leaf_value=0 -0 0.12197392322830193 0.18071528770564202 -0.10687213233453742 -0.043737054284196157 0 -0 0.24432746759240007 0 -0 -0.098954412449406629 0.040198886430393148 0 0 -0.10415578196349103 0.0095503472775401305 -0.062101100908197468
leaf_weight=1.7651392817497282 1.7901109009981206 1.816813558340072 1.6972717046737669 4.5126976296305612 0.73735578358173326 1.0238118469715125 1.0526775121688841 1.0702250599861143 1.0798706114292151 0.91539275646209761 2.5547227337956429 1.1621339619159696 0.67586933076381694 1.3247710391879097 2.4465250372886658 1.5255660712718961 1.0757461935281751
leaf_count=8 9 8 7 30 4 5 6 5 5 4 16 5 4 8 14 8 7
internal_value=0 -0.246588 0.975988 -0.46508 -0.0823079 0.400808 0.855312 1.48978 -0.696012 0.756498 -0.733151 0.0209908 -0.169962 -0.786769 -0.471565 -0 -0.224772
internal_weight=0 24.7643 3.46241 20.8699 8.90477 4.55994 3.14671 2.09404 11.9652 3.89434 4.34483 2.07753 1.41323 10.8853 6.37261 3.92608 2.40052
internal_count=153 138 15 121 49 24 16 10 72 17 25 9 8 67 37 23 15
shrinkage=0.0984825


Tree=9
num_leaves=16
num_cat=0
split_feature=2 3 4 1 1 3 3 3 3 3 4 4 3 3 3
split_gain=4.39025 3.98282 2.6293 1.67598 1.50883 2.13331 1.36939 1.34585 0.888995 0.747305 0.692795 0.239528 0.202726 0.13852 0.121454
threshold=1.5000000000000002 820.00000000000011 95.250000000000014 593.50000000000011 358.50000000000006 470.00000000000006 518.50000000000011 1047.5000000000002 486.50000000000006 494.00000000000006 74.90000000000002 83.100000000000009 504.50000000000006 454.00000000000006 474.00000000000006
decision_type=8 10 2 8 10 10 8 10 10 10 2 2 10 8 10
left_child=6 2 3 4 5 -2 14 -3 -7 13 -5 -12 -4 -6 -1
right_child=1 7 12 10 9 8 -8 -9 -10 -11 11 -13 -14 -15 -16
leaf_value=0.032977629191813775 -0.089956895210172735 0.14198835683654418 0.090050426040324552 -0.016134525445524454 -0.040194350379349354 0.080234948220493707 0.1664621964371901 0 -0 -0.092140135081411209 0.097736186830282484 0 0 0.0066657920494582606 -0
leaf_weight=1.1565324664115935 2.0969460532069304 1.9405198246240607 1.3365299254655831 1.3418276607990258 0.7709091305732706 1.8416618406772616 1.9708220660686493 1.1664729267358778 1.8620366752147672 7.8785818964242935 0.90273271501064301 1.0759788006544111 1.1625343412160871 0.84448812901973724 0.83668561279773701
leaf_count=5 14 8 6 7 5 9 8 5 12 51 4 5 6 4 4
internal_value=0 -0.0723282 -0.252278 -0.403069 -0.552301 -0.0271124 1.04608 0.93764 0.309214 -0.805334 0.0939979 0.583228 0.610562 -0 0.0778886
internal_weight=0 24.2212 21.1142 18.6152 15.2946 5.80064 3.96404 3.10699 3.7037 9.49398 3.32054 1.97871 2.49906 1.6154 1.99322
internal_count=153 136 123 111 95 35 17 13 21 60 16 9 12 9 9
shrinkage=0.0984825


Tree=10
num_leaves=17
num_cat=0
split_feature=2 6 9 6 2 2 9 8 2 9 9 9 6 9 9 9
split_gain=4.14692 1.68147 1.12982 0.884027 1.15491 0.684376 0.628823 0.459126 0.261406 0.24415 0.447111 0.891108 0.22666 0.13936 0.017478 0.0157656
threshold=1.5000000000000002 78.500000000000014 28.239234809643353 73.500000000000014 2.5000000000000004 1.5000000000000002 19.208580068280302 1.0000000180025095e-35 2.5000000000000004 21.248300853431001 22.931790466828154 24.293448748920603 75.500000000000014 20.652600158375005 24.477864643370253 22.199593116478052
decision_type=8 2 10 2 10 10 8 10 8 8 10 10 2 10 10 10
left_child=1 -1 3 4 -2 -5 -7 9 12 13 -11 -12 -4 -8 15 -9
right_child=2 -3 8 5 -6 6 7 14 -10 10 11 -13 -14 -15 -16 -17
leaf_value=0.13977839252410623 0.067191061699812468 0 0 0 -0.054135839294014929 0 -0.039828821151269282 -0 -0 -0.10667809888005635 0 -0.062708548181673832 0.070224506108962192 0.00049690664827910388 0.0012533281371081809 -0.021465629282620951
leaf_weight=2.4032264947891266 1.8790040463209217 1.5235784351825712 0.73112501204013813 0.92487522959709423 0.8709346055984496 0.99035602807998913 0.81544149667024324 0.69486156851053171 0.81059053540229775 3.3420326560735711 3.4305015802383405 5.0979843959212303 1.380404084920883 0.99987173080444325 0.78943873196840275 0.66049090772867203
leaf_count=10 9 7 4 5 5 5 6 4 4 21 20 32 6 6 4 5
internal_value=0 0.903211 -0.198117 -0.297569 0.0624882 -0.389028 -0.447486 -0.502367 0.280238 -0.570331 -0.628787 -0.372844 0.479447 -0 -0 -0.111633
internal_weight=0 3.9268 23.4179 20.4958 2.74994 17.7459 16.821 15.8306 2.92212 13.6858 11.8705 8.52849 2.11153 1.81531 2.14479 1.35535
internal_count=153 17 136 122 14 108 103 98 14 85 73 52 10 12 13 9
shrinkage=0.0984825


Tree=11
num_leaves=18
num_cat=0
split_feature=5 4 11 9 11 9 4 9 5 5 4 11 9 9 9 4 9
split_gain=2.68061 2.65727 1.9964 1.28115 1.7936 1.71667 1.43335 1.18735 0.714485 0.390414 0.511137 0.377877 0.337459 0.222484 0.0212206 0.00362191 0.062247
threshold=6.5000000000000009 96.200000000000017 10.000000000000002 24.758266614703054 14.000000000000002 26.434276811244054 87.200000000000017 26.194372560387954 7.5000000000000009 1.0000000180025095e-35 82.450000000000017 10.000000000000002 29.580582187519255 27.821323076758404 20.368035627060003 88.450000000000017 23.182230046156903
decision_type=10 2 2 8 2 10 2 10 10 10 2 2 10 10 10 2 10
left_child=3 2 7 4 9 11 12 8 -2 10 -1 -5 -7 -9 -11 16 -16
right_child=1 -3 -4 5 -6 6 -8 13 -10 14 -12 -13 -14 -15 15 -17 -18
leaf_value=0.092452157028252296 0 0.093660662541191111 -0.10829765539738458 0.15363703053643757 -0.089096661894264073 -0.053469113882040356 0.085739828867821125 0.069631335873597391 -0.071933890516573201 0.01266378292667257 -0 0 0 -0 0 0 -0.022672896567490154
leaf_weight=1.177429914474488 1.1502363830804787 0.8778649717569359 5.0150936841964722 1.5487229526042949 1.9533569142222402 1.904806509613991 1.54488068819046 1.0391287654638288 3.0474783182144165 0.76647514104843173 0.81301367282867421 0.86018067598342884 0.93939861655235291 0.74304750561714161 1.2320762053132064 0.63860626518726338 1.3562004268169401
leaf_count=5 7 4 35 7 13 10 7 5 20 4 5 4 4 4 7 4 8
internal_value=0 -0.443323 -0.614893 0.18127 -0.0200543 0.507942 0 -0.0987672 -0.468872 0.167155 0.524984 1.19294 -0.285479 0.416317 -0 -0.0493398 -0.0663826
internal_weight=0 11.8728 10.995 14.7351 7.93716 6.79799 4.38909 5.97989 4.19771 5.9838 1.99044 2.4089 2.84421 1.78218 3.99336 3.22688 2.58828
internal_count=153 75 71 78 46 32 21 36 27 33 10 11 14 9 23 19 15
shrinkage=0.0984825


Tree=12
num_leaves=19
num_cat=0
split_feature=11 1 3 3 10 11 11 1 3 3 1 3 11 11 1 10 3 11
split_gain=1.34245 0.92465 2.30241 2.11531 3.60681 1.10988 0.811694 0.694162 0.620334 0.465729 0.909612 0.84075 0.367039 0.201356 0.199076 0.188675 0.173433 0.0469764
threshold=18.000000000000004 640.50000000000011 494.00000000000006 464.50000000000006 1.0000000180025095e-35 6.0000000000000009 6.0000000000000009 395.50000000000006 444.50000000000006 549.00000000000011 333.50000000000006 610.00000000000011 1.0000000180025095e-35 10.000000000000002 429.50000000000006 1.0000000180025095e-35 674.50000000000011 6.0000000000000009
decision_type=2 10 10 10 2 2 2 10 8 8 10 10 2 2 10 2 10 2
left_child=1 2 3 6 -5 -3 15 -2 -8 10 -4 12 -11 -13 -9 -1 -16 -14
right_child=7 5 9 4 -6 -7 8 14 -10 11 -12 13 17 -15 16 -17 -18 -19
leaf_value=-0 -0.096755690436246419 0.13932633861233762 0 -0.051575629636125414 0.13663709102025401 0 -0.02628323388896868 0 0.053081804383401307 -0.0032608740160428823 -0.098977879261156601 -0.083588875862791276 0.06448395905256131 -0 -0.058855760510957741 -0.081356251617253392 -0 0
leaf_weight=0.64807866513729995 2.3372223973274222 0.94414065778255396 0.5975132808089233 0.84291724860668205 3.0818811804056168 2.0890402644872665 0.68415539711713824 1.6147420033812525 2.0233021080493927 0.54231069236993912 3.0910100638866425 1.418956443667412 0.99817436933517489 0.68544898182153691 1.0268956497311594 1.4339830353856087 1.0979557186365125 1.2078498080372808
leaf_count=4 16 4 4 5 14 9 5 10 10 4 22 9 5 4 7 9 5 7
internal_value=0 0 -0.0644997 0.251645 0.8159 0.527058 -0.0820456 -0.512272 0.103481 -0.460654 -0.777088 -0.0864755 0.10412 -0.629043 -0.0438742 -0.62017 -0.308987 0.420543
internal_weight=0 20.2888 17.2556 8.71432 3.9248 3.03318 4.78952 6.07682 2.70746 8.54126 3.68852 4.85274 2.74833 2.10441 3.73959 2.08206 2.12485 2.20602
internal_count=153 115 102 47 19 13 28 38 15 55 26 29 16 13 22 13 12 12
shrinkage=0.0984825


end of trees

feature importances:
BMIX4=55
Choice_reaction_time_Ex5=45
Simple_reaction_time_Ex5=34
CASIX4=30
Coffee_oz_Ex1=16
new_BM_frequency=13
Olfaction_complete_Ex5_Ex4=10
ECGage=8
TBI_LOC=5
HYPBP1=3

parameters:
[boosting: gbdt]
[objective: binary]
[metric: auc]
[tree_learner: serial]
[device_type: cpu]
[data: ]
[valid: ]
[num_iterations: 100]
[learning_rate: 0.0984825]
[num_leaves: 25]
[num_threads: 4]
[max_depth: 39]
[min_data_in_leaf: 4]
[min_sum_hessian_in_leaf: 0.001]
[bagging_fraction: 0.827927]
[pos_bagging_fraction: 1]
[neg_bagging_fraction: 1]
[bagging_freq: 1]
[bagging_seed: 3]
[feature_fraction: 0.45368]
[feature_fraction_bynode: 1]
[feature_fraction_seed: 2]
[early_stopping_round: 0]
[first_metric_only: 0]
[max_delta_step: 0]
[lambda_l1: 0.633939]
[lambda_l2: 0.0364375]
[min_gain_to_split: 0]
[drop_rate: 0.1]
[max_drop: 50]
[skip_drop: 0.5]
[xgboost_dart_mode: 0]
[uniform_drop: 0]
[drop_seed: 4]
[top_rate: 0.2]
[other_rate: 0.1]
[min_data_per_group: 100]
[max_cat_threshold: 32]
[cat_l2: 10]
[cat_smooth: 10]
[max_cat_to_onehot: 4]
[top_k: 20]
[monotone_constraints: ]
[feature_contri: ]
[forcedsplits_filename: ]
[forcedbins_filename: ]
[refit_decay_rate: 0.9]
[cegb_tradeoff: 1]
[cegb_penalty_split: 0]
[cegb_penalty_feature_lazy: ]
[cegb_penalty_feature_coupled: ]
[verbosity: 1]
[max_bin: 122]
[max_bin_by_feature: ]
[min_data_in_bin: 3]
[bin_construct_sample_cnt: 200000]
[histogram_pool_size: -1]
[data_random_seed: 1]
[output_model: LightGBM_model.txt]
[snapshot_freq: -1]
[input_model: ]
[output_result: LightGBM_predict_result.txt]
[initscore_filename: ]
[valid_data_initscores: ]
[pre_partition: 0]
[enable_bundle: 1]
[max_conflict_rate: 0]
[is_enable_sparse: 1]
[sparse_threshold: 0.8]
[use_missing: 1]
[zero_as_missing: 0]
[two_round: 0]
[save_binary: 0]
[header: 0]
[label_column: ]
[weight_column: ]
[group_column: ]
[ignore_column: ]
[categorical_feature: ]
[predict_raw_score: 0]
[predict_leaf_index: 0]
[predict_contrib: 0]
[num_iteration_predict: -1]
[pred_early_stop: 0]
[pred_early_stop_freq: 10]
[pred_early_stop_margin: 10]
[convert_model_language: ]
[convert_model: gbdt_prediction.cpp]
[num_class: 1]
[is_unbalance: 0]
[scale_pos_weight: 1]
[sigmoid: 1]
[boost_from_average: 1]
[reg_sqrt: 0]
[alpha: 0.9]
[fair_c: 1]
[poisson_max_delta_step: 0.7]
[tweedie_variance_power: 1.5]
[max_position: 20]
[lambdamart_norm: 1]
[label_gain: ]
[metric_freq: 1]
[is_provide_training_metric: 0]
[eval_at: ]
[multi_error_top_k: 1]
[num_machines: 1]
[local_listen_port: 12400]
[time_out: 120]
[machine_list_filename: ]
[machines: ]
[gpu_platform_id: -1]
[gpu_device_id: -1]
[gpu_use_dp: 0]

end of parameters

pandas_categorical:[]
