tree
version=v3
num_class=1
num_tree_per_iteration=1
label_index=0
max_feature_idx=11
objective=binary sigmoid:1
feature_names=Sleepy_complete Simple_reaction_time_Ex5 new_BM_frequency Choice_reaction_time_Ex5 CASIX4 Olfaction_complete_Ex5_Ex4 ECGage new_smoke TBI_LOC BMIX4 HYPBP1 Coffee_oz_Ex1
feature_infos=[0:1] [1:1002] [0:4] [60:1329] [2.5:98.400000000000006] [0:12] [72:90] [0:2] [0:1] [14.6411231134028:39.3445072771772] [0:1] [0:60]
tree_sizes=1499 1771 1878 1734 1936 1791 2041 1577 1541 1571 1737 1542 1791 1169 1642 1527 2080 967 1265 1551 1462 1267 1635 1607 1334 2082 1589 1824 1513 1351 1726 1160 1329 1255 1517 1619 1499 1510 1322 1461 1359 1499 1314 1710 980 1778 1161 1421 1041 1608 1483 1235 1420 1486 1180 1321 1225 1669

Tree=0
num_leaves=14
num_cat=0
split_feature=5 3 1 3 1 6 1 3 3 3 5 6 1
split_gain=7.73372 6.77165 5.19615 4.76581 6.20262 5.12259 3.52818 3.2529 2.35623 1.59601 1.41315 1.10698 0.507406
threshold=1.5000000000000002 961.50000000000011 493.50000000000006 511.50000000000006 290.50000000000006 80.500000000000014 545.00000000000011 458.50000000000006 700.50000000000011 485.00000000000006 9.5000000000000018 75.500000000000014 364.50000000000006
decision_type=10 10 8 8 8 2 10 10 10 10 10 2 8
left_child=2 3 -1 4 -2 7 12 10 -8 -9 11 -6 -5
right_child=1 -3 -4 6 5 -7 8 9 -10 -11 -12 -13 -14
leaf_value=-1.000631880307906 -1.0935263798694466 -0.82739614145612184 -0.7705148495015417 -1.000631880307906 -0.84610730784542643 -1.0876410375372598 -0.89712720615190278 -0.74259086754005232 -1.0598973595117835 -0.94899092191144319 -1.0692508113651042 -1.000631880307906 -1.1178128962645961
leaf_weight=1.5724360942840605 3.9310902357101485 1.3758815824985493 1.9655451178550718 0.98277255892753312 0.78621804714202992 1.3758815824985502 1.3758815824985497 1.5724360942840578 2.1620996296405792 1.7689906060695646 0.98277255892753601 0.78621804714202881 9.4346165657043457
leaf_count=8 20 7 10 5 4 7 7 8 11 9 5 4 48
internal_value=0 -0.288145 1.2666 -0.427644 0.00386836 0.604714 -0.818485 1.0621 0 1.71593 0 0.755512 -1.11092
internal_weight=0 26.5349 3.53798 25.159 11.2036 7.27252 13.9554 5.89664 3.53798 3.34143 2.55521 1.57244 10.4174
internal_count=153 135 18 128 57 37 71 30 18 17 13 8 53
shrinkage=1


Tree=1
num_leaves=17
num_cat=0
split_feature=2 3 3 9 3 9 9 9 9 3 3 3 9 9 9 9
split_gain=11.443 4.94297 5.81492 5.56009 4.07739 3.34117 2.79152 2.66056 2.59706 2.30795 0.904541 0.836204 0.393782 0.332813 0.277328 0.0900062
threshold=1.5000000000000002 763.00000000000011 505.50000000000006 22.815543116602104 475.50000000000006 25.378591521542102 23.798399822239404 25.583833254847352 23.540214608285403 595.00000000000011 445.50000000000006 500.00000000000006 21.454701937558053 24.695767911384603 21.454701937558053 20.319431338894351
decision_type=8 10 10 10 10 8 10 10 8 10 10 10 8 10 10 10
left_child=13 2 4 -3 7 -4 12 8 10 -7 14 -8 -6 -1 -2 -12
right_child=1 3 5 -5 6 9 11 -9 -10 -11 15 -13 -14 -15 -16 -17
leaf_value=0.025920887691668202 -0 -0.058176632757868892 -0.1142927376408739 0.20572488093693705 0.032365207351435554 -0.08186069982264052 0.21046496991089167 -0.1105484182023363 0.13311733770159404 0.096086248887133976 -0 0.0023889960671861564 -0.053204820093793438 0.2488799577502486 -0.09217356373543667 0.032481285451515914
leaf_weight=0.81310266256332686 0.81935493648052782 0.8109868466854091 9.2724263072013819 1.8068155646324155 1.3830432593822473 1.315372407436372 1.4768894612789156 2.731910452246666 1.2065726518630979 1.4068878442049024 0.97113458812236764 0.98064765334129311 0.7874772399663923 1.602402940392494 1.684931084513664 0.79097919166088093
leaf_count=4 4 4 49 9 7 7 7 14 6 7 5 5 4 8 9 4
internal_value=0 -0.21347 -0.370672 1.02324 0.0519366 -0.874294 0.839124 -0.31691 0 0 -0.27526 1.56085 0 2.03885 -0.695941 0
internal_weight=0 27.4454 24.8276 2.6178 12.8329 11.9947 4.62806 8.20488 5.47297 2.72226 4.2664 2.45754 2.17052 2.41551 2.50429 1.76211
internal_count=153 141 128 13 65 63 23 42 28 14 22 12 11 12 13 9
shrinkage=0.0984825


Tree=2
num_leaves=18
num_cat=0
split_feature=2 5 9 9 5 9 2 9 9 9 9 9 9 9 9 9 9
split_gain=8.68307 6.6266 3.74355 3.35018 2.04895 2.17577 0.595883 0.145379 1.1662 0.937113 1.16304 0.414168 0.49496 0.0991712 0.766942 0.566845 0.50384
threshold=1.5000000000000002 3.5000000000000004 22.114596543039102 23.659356047209453 1.0000000180025095e-35 26.688290234052904 1.5000000000000002 22.319410483313604 24.400354599084103 25.378591521542102 28.562770539434354 23.540214608285403 23.022472731321852 27.721811111375604 26.688290234052904 26.155042269491002 25.682478091768804
decision_type=8 10 8 10 10 8 10 10 10 8 10 10 10 8 10 10 10
left_child=3 2 -2 -1 -4 -6 -3 -8 11 -10 13 12 -9 14 15 16 -11
right_child=1 6 4 -5 5 -7 7 8 9 10 -12 -13 -14 -15 -16 -17 -18
leaf_value=-0 -0.063773788738199277 0 0.21298923359965552 0.22170262435238949 0.10115802549321663 -0.057244631109329681 -0.072156924545253312 0 -0.10669150874474523 0.021657128048027767 -0.091813019906502175 0.043923870248831681 -0.068822204149224173 0.034180254964713407 -0.077304428042605108 0.073014877064502978 -0.066895109960152133
leaf_weight=0.80044791102409663 0.94767817854881531 1.1616323441267038 1.7257184535264967 2.2096988260746002 2.1916070878505711 0.79283340275287617 6.1166640967130688 1.9075987935066216 2.7630221843719456 0.81808903813362277 1.5498156547546384 1.7949328273534773 1.0791943371295927 0.78685277700424172 1.150815814733505 1.0592221170663831 0.96599525213241566
leaf_count=4 5 6 8 10 11 4 33 10 15 4 8 9 6 4 6 5 5
internal_value=0 -0.155689 0.763287 1.62379 1.1835 0.388168 -0.432286 -0.476929 -0.316992 -0.529943 -0.184031 0 -0.128433 0 -0 0.110888 -0
internal_weight=0 26.8117 5.65784 3.01015 4.71016 2.98444 21.1538 19.9922 13.8755 9.09381 6.33079 4.78173 2.98679 4.78097 3.99412 2.84331 1.78408
internal_count=153 139 28 14 23 15 111 105 72 47 32 25 16 24 20 14 9
shrinkage=0.0984825


Tree=3
num_leaves=17
num_cat=0
split_feature=4 9 6 3 3 3 6 3 3 4 3 9 3 4 4 3
split_gain=4.47857 3.20331 4.50999 2.99531 5.32842 2.72883 2.11934 3.21402 2.64949 1.24684 1.09408 0.563735 0.456114 0.324395 0.138894 0.0133099
threshold=94.850000000000009 24.695767911384603 77.500000000000014 500.00000000000006 467.00000000000006 505.50000000000006 74.500000000000014 595.00000000000011 711.00000000000011 87.950000000000017 505.50000000000006 25.829876360507253 700.50000000000011 96.200000000000017 86.450000000000017 763.00000000000011
decision_type=2 10 2 10 8 10 2 8 10 2 10 10 10 2 2 10
left_child=1 2 3 4 14 -2 10 9 -9 11 -3 -8 -5 -7 -1 -4
right_child=5 6 15 12 -6 13 7 8 -10 -11 -12 -13 -14 -15 -16 -17
leaf_value=-0 0.14901964049118085 0 -0.1188785349977393 -0.096931908755880383 0.18175830841841936 0.027765266538396352 -0 0.19657767163386025 0 -0.048015122944104066 -0.096737088411573038 0.084392171868603094 -0 -0.052715081022107597 -0.060477994839974299 -0.0048611775687306532
leaf_weight=0.76377345621586401 2.4784544557332984 1.2030791938304894 6.3065146952867508 2.0022154301404957 1.8958182930946348 0.7876012325286863 0.81169103085994476 1.7751206159591686 1.2750646173954008 3.0111526250839233 1.9912828654050823 1.4426751434803007 0.76087428629398335 0.86715979874134064 0.9238235503435136 1.2133051455020902
leaf_count=4 12 6 35 11 9 4 4 8 6 16 11 7 4 5 5 6
internal_value=0 -0.252175 -0.582793 0 0.638655 0.852368 0.0918046 0.402671 1.21656 -0 -0.516655 0.477542 -0.736571 -0 -0.35984 -1.10534
internal_weight=0 25.3764 13.8663 6.34651 3.58342 4.13322 11.5101 8.3157 3.05019 5.26552 3.19436 2.25437 2.76309 1.65476 1.6876 7.51982
internal_count=153 132 74 33 18 21 58 41 14 27 17 11 15 9 9 41
shrinkage=0.0984825


Tree=4
num_leaves=19
num_cat=0
split_feature=5 3 3 11 10 3 3 3 11 3 3 3 10 3 3 3 11 11
split_gain=3.68583 2.8288 4.38788 2.62085 2.05923 1.42575 1.5735 0.642461 0.5299 0.520767 0.469651 0.748381 0.316036 0.217657 0.17114 0.477685 0.00695412 0.0445574
threshold=3.5000000000000004 500.00000000000006 595.00000000000011 14.000000000000002 1.0000000180025095e-35 455.50000000000006 485.00000000000006 961.50000000000011 10.000000000000002 505.50000000000006 934.00000000000011 684.50000000000011 1.0000000180025095e-35 777.00000000000011 607.50000000000011 492.50000000000006 18.000000000000004 30.000000000000004
decision_type=10 8 10 2 2 10 10 8 2 8 10 10 2 8 8 8 2 2
left_child=4 3 9 5 -1 -2 -7 14 10 -3 11 -4 -5 16 15 -6 -10 -18
right_child=1 2 8 12 7 6 -8 -9 13 -11 -12 -13 -14 -15 -16 -17 17 -19
leaf_value=0.14016780109589314 -0 -0 0.064299293413952907 -0 -0.043076198749027961 0.13570216908991603 0 0.057212342849123576 -0 -0.10385956393675444 0.10358892290520165 -0.051525913789393245 -0.083058250803865794 -0.051689884653988459 -0.046341337026480606 0.050910410657540782 0.024638331780662059 -0
leaf_weight=2.4532632678747204 1.6686674207448984 0.90662328898906541 1.145066216588021 0.75387416779994976 0.7349524646997454 2.8582196682691574 1.3725880980491636 2.0135922580957413 1.0590602010488517 7.0012678503990173 0.89624337852001179 0.85759873688220956 1.3181846737861633 0.7785017341375351 0.74371871352195729 1.1988149732351303 0.78656284511089292 0.76021562516689301
leaf_count=11 9 5 6 4 4 13 7 9 6 41 4 5 7 4 4 6 4 4
internal_value=0 -0.171433 -0.455947 0.255673 0.650142 0.648561 0.958764 0.103872 0.07876 -0.959011 0.437661 0 -0.554155 -0.0447296 -0.0243002 0 0 0.0662752
internal_weight=0 22.1627 14.1911 7.97153 7.14434 5.89948 4.23081 4.69108 6.28325 7.90789 2.89891 2.00266 2.07206 3.38434 2.67749 1.93377 2.60584 1.54678
internal_count=153 119 79 40 34 29 20 23 33 46 15 11 11 18 14 10 14 8
shrinkage=0.0984825


Tree=5
num_leaves=18
num_cat=0
split_feature=1 4 4 4 1 4 1 4 1 4 4 4 4 1 1 1 1
split_gain=5.71022 5.29142 2.17617 2.85905 2.8129 1.25811 1.10511 1.09051 0.996286 0.819849 0.510775 0.20075 0.191644 0.0726095 0.306701 0.178122 0.00453415
threshold=525.00000000000011 95.250000000000014 88.300000000000026 89.950000000000017 364.50000000000006 97.750000000000014 696.50000000000011 76.350000000000009 380.00000000000006 86.000000000000014 71.65000000000002 93.200000000000017 71.65000000000002 617.50000000000011 559.00000000000011 581.50000000000011 419.00000000000006
decision_type=8 2 2 2 10 2 8 2 10 2 2 2 2 10 10 10 10
left_child=1 2 10 4 -4 8 13 12 -3 -9 -1 -5 -8 14 -2 -16 -6
right_child=6 5 3 11 16 -7 7 9 -10 -11 -12 -13 -14 -15 15 -17 -18
leaf_value=-0 0.10633460230897963 0.18068331050690595 0.14252430404978625 -0.069226435159852884 -0 -0 0 0.10676731424299253 0 -0 -0.10329774095724292 -0 -0.056601576060752445 0.17296743053372593 -0 0.036794012847868617 -0.022368834534058416
leaf_weight=0.88761925697327615 1.2588272541761374 1.2837429046630857 1.7688505798578247 4.3901492655277252 0.72331455349922147 0.8938869684934615 1.2424587607383739 1.586540684103966 1.097158685326576 0.78562940657138813 6.4201985895633698 1.6872917413711546 0.78285832703113534 1.315917834639549 0.99779550731182109 1.2425904273986814 0.62930618226528168
leaf_count=5 6 6 8 25 4 5 6 7 6 4 37 9 4 6 5 6 4
internal_value=0 -0.269538 -0.52397 -0.116493 0.56214 0.81314 0.679762 0.131055 1.19421 0.671997 -0.947452 -0.570012 -0.195733 1.04546 0.583491 0.0134149 -0.146499
internal_weight=0 19.7815 16.5067 9.19891 3.12147 3.27479 9.21262 4.39749 2.3809 2.37217 7.30782 6.07744 2.02532 4.81513 3.49921 2.24039 1.35262
internal_count=153 109 92 50 16 17 44 21 12 11 42 34 10 23 17 11 8
shrinkage=0.0984825


Tree=6
num_leaves=20
num_cat=0
split_feature=1 1 1 1 4 1 7 1 4 1 4 4 4 1 4 1 1 1 4
split_gain=5.00836 4.03244 1.01399 1.79658 2.08962 1.26141 1.0544 0.930307 0.891132 0.710878 0.695341 1.66222 0.600598 0.354849 0.242256 1.37495 0.289435 0.222319 0.165257
threshold=290.50000000000006 341.50000000000006 581.50000000000011 444.00000000000006 93.200000000000017 525.00000000000011 1.0000000180025095e-35 696.50000000000011 83.100000000000009 559.00000000000011 89.950000000000017 92.200000000000017 90.450000000000017 405.50000000000006 86.000000000000014 433.00000000000006 357.50000000000006 405.50000000000006 71.65000000000002
decision_type=8 8 8 10 2 10 2 8 2 10 2 2 2 10 2 10 10 8 2
left_child=-1 10 3 4 12 -5 8 -8 -4 -7 -2 -12 14 -14 15 -3 -16 -18 -9
right_child=1 2 6 5 -6 9 7 18 -10 -11 11 -13 13 -15 16 -17 17 -19 -20
leaf_value=-0.11033600414367761 0.17257934880286174 -0.086271490508989065 0.1114409500559901 -0.10223267549498732 0.089497063032081464 0.050062857308310539 0.054473125025940462 -0 -0 -0.064347136469045135 -0.041415527265264998 0.11149570158717741 -0.083416639158690256 -0 -0 0.046505695490332351 0.077788834713692023 0 -0.07196801213025833
leaf_weight=3.6589635759592083 1.5824352651834517 1.6622363924980184 1.8778226524591439 3.2747680991888037 2.2186437547206879 1.0849554687738421 1.5530366897583006 1.4553068578243258 0.77818170189857472 0.94993647933006276 0.72287192940711964 1.2565339803695676 1.6141823977231982 0.7469920814037323 0.83376227319240603 0.73051385581493355 1.0124227404594417 0.69811849296092998 1.104463070631027
leaf_count=21 7 10 8 21 11 5 7 7 4 5 4 6 10 4 4 4 5 4 6
internal_value=0 0.122197 -0.0124289 -0.185547 0.012562 -0.656877 0.272581 -0 0.761191 -0 1.10647 0.253276 -0.176611 -0.588148 0 -0.202513 0.235091 0.497315 -0.413549
internal_weight=0 25.1572 21.5953 14.8265 9.51687 5.30966 6.76881 4.11281 2.656 2.03489 3.56184 1.97941 7.29823 2.36117 4.93705 2.39275 2.5443 1.71054 2.55977
internal_count=153 132 115 83 52 31 32 20 12 10 17 10 41 14 27 14 13 9 13
shrinkage=0.0984825


Tree=7
num_leaves=15
num_cat=0
split_feature=2 9 9 9 2 9 9 9 9 9 9 9 9 9
split_gain=6.59104 2.25757 1.46618 0.908126 1.06569 0.672361 0.824059 0.547488 0.410106 0.176087 0.451981 0.267464 0.356568 0.168685
threshold=1.5000000000000002 22.686378056168554 23.659356047209453 23.154752122835252 2.5000000000000004 23.540214608285403 24.613604088566305 24.940712636221953 24.880309890215901 25.682478091768804 25.124080134986503 28.283900408551403 26.688290234052904 26.688290234052904
decision_type=8 8 10 10 8 10 8 10 10 10 10 10 10 10
left_child=2 -2 -1 -3 5 -5 -7 -8 -6 10 -9 12 -11 -10
right_child=1 3 -4 4 8 6 7 9 13 11 -12 -13 -14 -15
leaf_value=0 -0.054984980843325482 0.072155497485473147 0.19860975149581242 -0.02820287779532445 -0.082846540464239768 0.076870215822143692 -0.055113226540755907 -0 0.0015971081449433551 0 0.094086238110322407 0.030904745595083088 -0.062693971393417786 -0.031429267787195146
leaf_weight=1.0206085443496733 7.3497186005115536 1.8701268881559396 1.9315941482782362 1.4614226669073129 1.6005199253559101 2.7295025736093494 0.87155722081661291 0.70516265928745248 1.4700155407190325 1.8101663887500765 0.94632713496685028 2.3966413289308548 0.9121681749820707 1.6159232556819914
leaf_count=5 43 9 8 8 10 14 5 4 7 9 5 12 5 9
internal_value=0 -0.0788384 1.47906 0.0791168 0 0.163519 0.288602 0.027463 -0.398052 0.198761 0.513456 0 -0.100498 -0
internal_weight=0 25.7393 2.9522 18.3895 16.5194 11.8329 10.3715 7.64202 4.68646 6.77047 1.65149 5.11898 2.72233 3.08594
internal_count=153 140 13 97 88 62 54 40 26 35 9 26 14 16
shrinkage=0.0984825


Tree=8
num_leaves=15
num_cat=0
split_feature=2 1 3 1 3 3 1 1 1 1 1 3 1 1
split_gain=4.66123 2.30505 5.16743 5.90129 2.22542 1.69253 1.48342 1.41956 1.24855 0.85506 0.41149 0.388482 0.356434 0.131805
threshold=1.5000000000000002 581.50000000000011 505.50000000000006 290.50000000000006 455.50000000000006 485.00000000000006 696.50000000000011 364.50000000000006 380.00000000000006 237.00000000000003 309.00000000000006 961.50000000000011 617.50000000000011 405.50000000000006
decision_type=8 10 10 10 10 10 10 10 8 10 10 10 10 10
left_child=8 2 3 9 -5 10 12 -4 -1 -2 -6 -8 -3 -7
right_child=1 6 7 4 5 13 11 -9 -10 -11 -12 -13 -14 -15
leaf_value=0 -0 0 0 -0.0015612905516423537 6.5214908605109746e-05 0.032126155859654434 -0.059749250868221332 -0.1026574600407774 0.17448125064093223 -0.10108445250771056 0.18929815204248626 0.017311576832668981 0.1369619840857669 -0
leaf_weight=1.0396892875432997 2.4297116398811394 1.0322416275739663 1.4147325307130794 1.2391257286071775 0.8636494874954227 1.3534879386425021 0.90485340356826804 7.5402439758181572 1.712231174111366 2.7600592970848083 2.1926303654909134 1.3230417519807813 1.4151696115732191 0.92455841600894917
leaf_count=5 13 5 8 7 4 7 5 49 7 17 9 6 6 5
internal_value=0 -0.128647 -0.291056 0.097643 0.770356 1.06989 0.453194 -0.870481 1.23318 -0.632558 1.59056 -0 0.993394 0.0834116
internal_weight=0 25.3935 20.7182 11.7632 6.57345 5.33433 4.67531 8.95498 2.75192 5.18977 3.05628 2.2279 2.44741 2.27805
internal_count=153 141 119 62 32 25 22 57 12 30 13 11 11 12
shrinkage=0.0984825


Tree=9
num_leaves=15
num_cat=0
split_feature=2 3 3 1 4 4 3 1 1 1 1 4 3 4
split_gain=3.17294 2.02208 2.94891 3.07251 2.97733 3.12306 2.49578 1.53645 1.47244 1.2024 1.43421 0.626205 0.399753 0.379632
threshold=1.5000000000000002 763.00000000000011 505.50000000000006 290.50000000000006 93.200000000000017 89.950000000000017 455.50000000000006 380.00000000000006 696.50000000000011 545.00000000000011 375.50000000000006 76.350000000000009 711.00000000000011 93.750000000000014
decision_type=8 8 10 8 2 2 10 8 8 8 10 2 10 2
left_child=7 2 3 13 5 6 -5 -1 -3 10 -4 -10 -11 -2
right_child=1 8 9 4 -6 -7 -8 -9 11 12 -12 -13 -14 -15
leaf_value=-0 -0.089567812019658508 0.11716356848455833 0 -0.049667120013357165 0.15354763756647752 -0.092120161842979317 0.10290030177756637 0.13635254106798797 -0.037412215743401617 0.036895053862032734 -0.10649813653320486 0.049864502253872935 -0.049378545421365737 -0
leaf_weight=0.79061707854271235 2.1765305548906375 1.8532328605651844 1.4147325307130785 0.84447452425956804 1.8916984498500822 1.8745454251766203 3.3741251826286316 2.4390981793403625 1.5370392352342608 1.2449015974998485 5.4053344577550888 1.5204250216484068 0.8383372277021407 0.7778049111366272
leaf_count=4 15 8 8 5 8 11 15 10 8 6 39 7 5 4
internal_value=0 -0.0435116 -0.208826 0.0899322 0.461778 0.0104228 0.584096 0.991212 0.492944 -0.645683 -0.847905 0 0 -0.696493
internal_weight=0 24.7532 19.8425 10.9392 7.98484 6.09315 4.2186 3.22972 4.9107 8.90331 6.82007 3.05746 2.08324 2.95434
internal_count=153 139 116 58 39 31 20 14 23 58 47 15 11 19
shrinkage=0.0984825


Tree=10
num_leaves=17
num_cat=0
split_feature=2 9 6 6 6 9 9 9 6 6 9 9 9 9 9 9
split_gain=3.39628 3.69657 0.924551 0.202311 0.455277 0.947727 1.1593 0.798587 0.291716 0.476095 0.514084 0.305517 0.277333 0.0953229 0.132355 0.0886699
threshold=1.5000000000000002 22.319410483313604 78.500000000000014 87.500000000000014 81.500000000000014 26.688290234052904 26.361391938765802 28.283900408551403 76.500000000000014 78.500000000000014 23.659356047209453 23.798399822239404 24.400354599084103 23.798399822239404 23.154752122835252 24.880309890215901
decision_type=10 8 2 2 2 10 8 10 2 2 8 10 10 10 10 10
left_child=2 -2 -1 4 5 6 8 -7 12 10 -10 -11 13 14 -3 -6
right_child=1 3 -4 -5 15 7 -8 -9 9 11 -12 -13 -14 -15 -16 -17
leaf_value=0.10424619626578573 -0.093962460137372736 0 -0 0.038504984169478396 -0.053319506183863122 -0.090262555856159513 0.1120474372296357 0 0.11780758842169345 -0.053891059839500551 0 0.016392313237771215 -0.041496258255923679 0.030087563376266911 -0.039840672083579089 -0
leaf_weight=2.8036613389849694 5.4070244282484081 1.0899123847484626 1.0935230702161787 1.1086741387844075 1.9122365489602082 1.6190655231475823 1.1338938325643546 2.0266849994659424 0.82589884847402539 0.79567842930555377 1.1264351457357407 1.9972991794347759 1.7955733090639112 0.98383702337741841 0.77286477386951424 0.73997391015291203
leaf_count=13 36 6 5 5 11 10 5 11 4 5 6 11 11 5 5 4
internal_value=0 -0.232067 0.757596 -0 -0.0402151 0 0.183533 -0.400997 0 0.225796 0.601644 -0 -0.101209 0 -0.00700017 -0.423641
internal_weight=0 23.3351 3.89718 17.928 16.8194 14.1671 10.5214 3.64575 9.3875 4.74531 1.95233 2.79298 4.64219 2.84661 1.86278 2.65221
internal_count=153 135 18 99 94 79 58 21 53 26 10 16 27 16 11 15
shrinkage=0.0984825


Tree=11
num_leaves=15
num_cat=0
split_feature=5 9 4 4 11 4 11 11 5 9 11 5 9 9
split_gain=3.61895 4.07968 2.06626 1.56593 1.27693 1.23128 0.794147 0.919803 1.84691 0.725839 0.473609 0.427279 0.466715 0.000618139
threshold=6.5000000000000009 24.880309890215901 75.200000000000017 92.750000000000014 1.0000000180025095e-35 94.850000000000009 18.000000000000004 10.000000000000002 3.5000000000000004 28.283900408551403 34.000000000000007 5.5000000000000009 23.659356047209453 25.378591521542102
decision_type=10 10 2 2 2 2 2 2 10 8 2 10 10 10
left_child=1 6 -2 9 -5 13 7 11 -9 -4 -3 12 -1 -6
right_child=2 10 3 4 5 -7 -8 8 -10 -11 -12 -13 -14 -15
leaf_value=-0.081945777871479594 0.066179937008609649 0.10422738049656588 -0.092882730502676758 0.095654723383033713 -0 -0.092807994516028808 -0.078131642183847425 0.13298190627239981 -0.012049585036656671 -0 0 0 0 0.0025241491554261791
leaf_weight=1.5845098122954389 1.0442054122686375 5.0487376302480698 7.0073136314749691 0.88811212778091331 0.66059292107820533 1.8057271912693975 1.413411810994148 1.3507368117570875 0.57385534793138493 1.3140030205249793 1.0065466016530988 1.0783473253250124 1.1386537849903104 0.90452931076288223
leaf_count=11 5 24 46 4 4 11 9 6 4 7 5 6 6 5
internal_value=0 0.3087 -0.41875 -0.561211 -0 -0.344643 -0.128454 0 0.593824 -0.814136 0.92588 -0.243891 -0.487402 0
internal_weight=0 13.1948 13.6245 12.5803 4.25896 3.37085 7.13951 5.7261 1.92459 8.32132 6.05528 3.80151 2.72316 1.56512
internal_count=153 71 82 77 24 20 42 33 10 53 29 23 17 9
shrinkage=0.0984825


Tree=12
num_leaves=18
num_cat=0
split_feature=11 1 3 3 3 1 3 3 1 10 1 10 11 1 11 11 3
split_gain=1.70112 1.8175 1.32584 0.684712 0.631187 1.385 1.52966 0.924166 0.882443 1.00209 0.741414 0.52285 0.334953 0.243136 0.0328598 0.115737 0.0241301
threshold=10.000000000000002 545.00000000000011 480.50000000000006 455.50000000000006 518.50000000000011 525.00000000000011 728.00000000000011 961.50000000000011 290.50000000000006 1.0000000180025095e-35 380.00000000000006 1.0000000180025095e-35 26.000000000000004 290.50000000000006 14.000000000000002 30.000000000000004 859.50000000000011
decision_type=2 8 10 8 10 10 10 10 10 2 10 2 2 10 2 2 8
left_child=3 2 14 13 8 10 -7 -8 -5 -10 -6 12 -3 -1 -2 -16 -13
right_child=1 11 -4 4 5 6 7 -9 9 -11 -12 16 -14 -15 15 -17 -18
leaf_value=0 0 0.067315307226851057 -0.10430891832915976 -0 0 0.1512844420624824 -0.066280614661126613 0.069178407196375663 -0 0.089181981940125929 -0.065189161981118793 -0.033480054828913537 -0 -0.060173899834402605 -0.040941989846211432 0 -0
leaf_weight=0.65170266479253847 0.93753711879253154 1.6779718622565281 4.0404623001813889 1.4103239774703977 1.0896699428558352 0.98645867407321952 0.938566133379936 0.9414842426776886 1.4041258245706556 4.0557435601949692 2.7987655028700829 0.68339906632900205 0.7484294921159742 1.0559666752815244 0.82334831357002236 1.1213804259896276 1.2191015630960464
leaf_count=4 5 8 30 7 6 4 5 4 7 18 22 4 4 7 6 6 6
internal_value=0 -0.356232 -0.683142 0.144299 0.24797 0 0.551876 0 0.461537 0.654391 -0.357227 0.0226762 0.435 -0.307294 -0 -0.128787 -0.174532
internal_weight=0 11.2516 6.92273 15.3328 13.6251 6.75494 2.86651 1.88005 6.87019 5.45987 3.88844 4.3289 2.4264 1.70767 2.88227 1.94473 1.9025
internal_count=153 69 47 84 73 41 13 9 32 25 28 22 12 11 17 12 10
shrinkage=0.0984825


Tree=13
num_leaves=11
num_cat=0
split_feature=2 5 2 6 6 5 6 5 6 6
split_gain=1.86258 1.69832 1.68724 0.653509 1.00859 0.132533 0.784659 0.130583 0.123297 0.0147114
threshold=1.5000000000000002 1.0000000180025095e-35 2.5000000000000004 80.500000000000014 87.500000000000014 4.5000000000000009 75.500000000000014 3.5000000000000004 76.500000000000014 74.500000000000014
decision_type=10 10 10 2 2 10 2 10 2 2
left_child=-1 2 -2 5 7 6 -3 -5 9 -7
right_child=1 3 -4 4 -6 8 -8 -9 -10 -11
leaf_value=0.063790686799141016 0.11694699774802501 -0.049486237676522625 -0 -0 0 -0.0058679744162252389 0.059213635769818675 -0.097701440154032107 -0.028020340962884943 0
leaf_weight=3.8698396831750896 1.7980194985866575 0.81172988563776305 0.99737428128719341 0.78853516280651026 0.98041553050279595 4.107336074113844 1.5416518896818159 2.7353286519646645 4.1996583938598624 4.2681886181235313
leaf_count=18 9 5 5 4 5 26 8 19 29 25
internal_value=0 -0.100225 0.563623 -0.229156 -0.591524 -0.0762864 0 -0.854133 -0.131964 -0
internal_weight=0 22.2282 2.79539 19.4328 4.50428 14.9286 2.35338 3.52386 12.5752 8.37552
internal_count=153 135 14 121 28 93 13 23 80 51
shrinkage=0.0984825


Tree=14
num_leaves=16
num_cat=0
split_feature=9 5 3 3 3 3 3 9 9 3 9 5 5 9 9
split_gain=1.75838 2.5612 2.32311 0.986289 2.01946 0.850479 0.653895 1.41272 1.31522 0.532366 0.448964 1.04546 0.213596 0.00132901 0.000531
threshold=23.540214608285403 1.0000000180025095e-35 492.50000000000006 595.00000000000011 511.50000000000006 445.50000000000006 475.50000000000006 25.951391503193655 26.361391938765802 485.00000000000006 26.155042269491002 8.5000000000000018 1.5000000000000002 24.613604088566305 24.796083049791452
decision_type=8 10 8 10 8 10 10 10 10 10 10 10 10 8 10
left_child=2 -2 5 4 6 -1 7 -3 14 -7 13 -12 -4 -5 -8
right_child=1 3 12 10 -6 9 8 -9 -10 -11 11 -13 -14 -15 -16
leaf_value=-0.065002212112761013 0.11065320658433152 0.022795457854888963 -0 0 -0.085674105929081881 0.059101813242639335 0 -0.091115654055839213 0.12312807094205552 -0 0.10034296338217565 -0 -0.10370193023925908 -0.0035590032461888343 -0.0022001005938816634
leaf_weight=1.1958389282226569 1.9352533221244836 1.1898327022790884 0.84137752652168352 1.0790468156337731 3.7205987200140962 2.3125947415828709 0.799858778715134 1.7486346960067747 1.1075064390897749 0.97299513220787037 1.6423463076353075 0.92108698189258564 4.2574481070041656 0.98118937015533436 1.0275283083319662
leaf_count=9 8 6 5 6 26 12 4 11 5 5 7 5 32 6 6
internal_value=0 0.0293073 -0.48094 -0.0776587 -0.292487 0 0 -0.246651 0.398946 0.307265 0.230869 0.517904 -0.941032 -0 -0
internal_weight=0 16.1529 9.58025 14.2176 9.59396 4.48143 5.87336 2.93847 2.93489 3.28559 4.62367 2.56343 5.09883 2.06024 1.82739
internal_count=153 90 63 82 58 26 32 17 15 17 24 12 37 12 10
shrinkage=0.0984825


Tree=15
num_leaves=15
num_cat=0
split_feature=4 2 1 4 1 4 1 1 1 1 4 4 4 4
split_gain=2.15999 1.45833 1.3146 1.24964 0.65532 1.20723 0.60211 0.440078 1.04448 0.176151 0.0705301 0.247139 0.0536154 0.00100938
threshold=95.250000000000014 1.5000000000000002 593.50000000000011 97.750000000000014 696.50000000000011 80.100000000000009 380.00000000000006 364.50000000000006 290.50000000000006 987.50000000000011 92.200000000000017 89.950000000000017 88.700000000000017 80.850000000000009
decision_type=2 8 8 2 8 2 8 10 10 8 2 2 2 2
left_child=1 6 7 -2 5 -4 -1 8 -3 13 11 12 -10 -6
right_child=3 2 4 -5 9 -7 -8 -9 10 -11 -12 -13 -14 -15
leaf_value=-0 0.098797908861001427 -0.079864011056482609 0.13149162402365386 -0 -0.049815354895540141 -0 0.07928240474539687 -0.066732347409100098 -0 0 0.029275560617640212 -0.048379543058331219 0.021190982794112429 -0
leaf_weight=0.7834882885217731 2.6206009462475772 1.7103339508175865 0.98309116065502045 0.98713717609643925 0.83198101073503505 0.80977931618690491 1.6214331984519956 7.4415640234947205 1.3342976421117789 2.3061689212918282 0.76170887053012837 0.92261169850826241 1.4605234563350675 0.7180420309305191
leaf_count=4 13 13 4 6 5 4 7 57 7 12 4 7 6 4
internal_value=0 -0.191565 -0.303825 0.625206 0.000696752 0.577595 0.439857 -0.476076 -0.129407 -0.107562 0 -0 0.074453 -0.373392
internal_weight=0 21.685 19.2801 3.60774 5.64906 1.79287 2.40492 13.631 6.18948 3.85619 4.47914 3.71743 2.79482 1.55002
internal_count=153 134 123 19 29 8 11 94 37 21 24 20 13 9
shrinkage=0.0984825


Tree=16
num_leaves=21
num_cat=0
split_feature=6 5 5 3 3 3 5 3 3 5 3 3 0 3 3 3 3 3 3 3
split_gain=1.32359 1.35024 0.945664 1.66129 0.507428 0.460655 0.645373 0.964906 0.794871 0.967047 0.687209 0.43635 0.412869 0.404888 0.20051 0.188747 0.0342346 0.0118501 0.00370837 0.00095644
threshold=80.500000000000014 2.5000000000000004 7.5000000000000009 500.00000000000006 458.50000000000006 445.50000000000006 5.5000000000000009 511.50000000000006 477.00000000000006 3.5000000000000004 541.50000000000011 614.50000000000011 1.0000000180025095e-35 434.50000000000006 684.50000000000011 477.00000000000006 564.50000000000011 595.00000000000011 544.50000000000011 406.00000000000006
decision_type=2 10 10 10 10 8 8 10 8 10 10 10 10 10 8 10 8 10 8 10
left_child=2 17 5 4 13 19 8 -8 -7 10 -10 16 -3 -4 -13 -6 -9 -2 -11 -1
right_child=1 12 3 -5 15 6 7 11 9 18 -12 14 -14 -15 -16 -17 -18 -19 -20 -21
leaf_value=0 -0 -0.10152520621419396 0 -0.07456606389211555 0.077444055552582547 -0.069995686711419439 0.10223692457924846 -0.031886742332830134 0.1365884087055938 0 0 0.081973563910902769 -0 -0.059928379541988389 0 0 -0 0.0098676061765632095 -0.0086173185442391317 -0.003993821487394497
leaf_weight=0.62129712104797785 0.8166324645280828 2.9274870306253438 1.0688426792621597 3.2654476910829544 1.1178506165742876 0.99586497247218975 2.5397773757576951 0.7828299552202227 0.96512402594089541 0.5589355230331422 1.0923453122377393 0.8082201629877086 0.53336860984563816 1.0952563211321829 0.64911175519227993 1.6191290095448492 0.67684078961610805 1.143927253782749 0.58826459944248211 0.54512793570756912
leaf_count=4 4 21 7 25 5 6 12 7 4 4 6 4 4 8 4 8 5 6 5 4
internal_value=0 -0.504074 0.0349019 -0.179191 0.0802401 0.254867 0.346835 0.574253 0 0.290437 0.769347 0 -0.884655 -0.0802504 0.507479 0.435102 -0.185808 0 -0.0301313 -0
internal_weight=0 5.42142 18.9903 8.16653 4.90108 10.8237 9.65731 5.45678 4.20053 3.20467 2.05747 2.917 3.46086 2.1641 1.45733 2.73698 1.45967 1.96056 1.1472 1.16643
internal_count=153 35 118 53 28 65 57 32 25 19 10 20 25 15 8 13 12 10 9 8
shrinkage=0.0984825


Tree=17
num_leaves=9
num_cat=0
split_feature=2 5 11 2 11 5 11 11
split_gain=2.62221 1.1854 1.1022 0.744353 0.841641 0.632997 0.37228 0.0161738
threshold=1.5000000000000002 3.5000000000000004 22.000000000000004 2.5000000000000004 6.0000000000000009 2.5000000000000004 14.000000000000002 14.000000000000002
decision_type=8 10 2 8 2 10 2 2
left_child=-1 3 7 4 -2 -6 -5 -3
right_child=1 2 -4 6 5 -7 -8 -9
leaf_value=0.080029752255228681 -0 -0.017168355664170114 -0.093831052594504957 -0.067301061430430728 0.1032300637358516 -0 0 -0
leaf_weight=2.8616484850645092 0.94831949472427679 10.516059018671511 2.859746888279914 0.8850797414779662 2.0249348878860478 0.69628319144248951 0.87780696153640736 2.3794006407260886
leaf_count=13 6 71 23 5 9 4 4 18
internal_value=0 -0.18798 -0.340546 0.137898 0.461782 0.769269 -0.179659 -0.153454
internal_weight=0 21.1876 15.7552 5.43242 3.66954 2.72122 1.76289 12.8955
internal_count=153 140 112 28 19 13 9 89
shrinkage=0.0984825


Tree=18
num_leaves=12
num_cat=0
split_feature=2 5 4 4 2 9 5 9 4 4 4
split_gain=1.40928 1.61309 2.72898 1.55672 1.27476 1.02937 0.550243 0.539827 0.229796 0.410398 0.103121
threshold=1.5000000000000002 3.5000000000000004 76.350000000000009 93.200000000000017 2.5000000000000004 24.400354599084103 4.5000000000000009 28.283900408551403 75.200000000000017 74.600000000000009 94.450000000000017
decision_type=8 10 2 2 10 10 10 8 2 2 2
left_child=6 2 -2 7 -4 -5 -1 8 9 -3 -7
right_child=1 3 4 5 -6 10 -8 -9 -10 -11 -12
leaf_value=-0 -0.060921653593514868 -0.055696206785631225 0.10561389748030951 0.067264324215261476 -0 0 0.089602432101593729 0 -0.067649447450271752 0.029337342342016379 -0.047699779836641976
leaf_weight=0.82237572968006434 1.8525165915489221 1.0400595515966387 3.0784787386655807 2.0152426138520236 1.2413916215300558 0.69190471619367577 1.7906816452741621 1.248883172869683 8.6360339373350126 0.70832679420709599 0.86003547161817551
leaf_count=4 10 8 15 11 7 4 8 7 69 4 6
internal_value=0 -0.151151 0.220354 -0.343778 0.727816 0.0984459 0.602641 -0.533586 -0.608801 -0 -0.25977
internal_weight=0 21.3729 6.17239 15.2005 4.31987 3.56718 2.61306 11.6333 10.3844 1.74839 1.55194
internal_count=153 141 32 109 22 21 12 88 81 12 10
shrinkage=0.0984825


Tree=19
num_leaves=15
num_cat=0
split_feature=2 5 11 11 2 11 11 5 11 5 5 5 5 5
split_gain=1.3292 1.77294 1.32471 1.07059 0.746127 0.330208 0.15045 0.272458 0.0430804 0.0171246 0.129738 0.0348491 0.00114941 0.0223453
threshold=1.5000000000000002 3.5000000000000004 14.000000000000002 22.000000000000004 2.5000000000000004 10.000000000000002 6.0000000000000009 7.5000000000000009 18.000000000000004 9.5000000000000018 5.5000000000000009 7.5000000000000009 5.5000000000000009 4.5000000000000009
decision_type=10 10 2 2 10 2 2 10 2 10 10 10 10 10
left_child=5 2 4 6 -2 -1 9 12 -7 10 -3 -12 13 -8
right_child=1 3 -4 -5 -6 8 7 -9 -10 -11 11 -13 -14 -15
leaf_value=0.087901153905980592 0.029355873929953917 0 0.11105750487037039 -0.089281505777696071 -0.068121391653089267 -0 0 -0.042133463094626997 0.021798608461794197 0.0088723369972908989 -0.031803845217540594 -0 0 -0.018086281129644773
leaf_weight=1.9015980139374762 2.9120705649256737 0.8166858777403817 1.5751823633909223 2.5421004965901366 0.97543311864137627 0.74602638185024239 0.68030705302953742 2.9023390784859657 0.8428693562746048 1.9703761115670202 1.5497569292783739 1.4976353198289869 2.2413947135210037 0.66017178446054459
leaf_count=9 15 5 7 22 6 4 5 22 4 12 10 10 16 6
internal_value=0 -0.0753052 0.363036 -0.279484 0 0.58663 -0.0964747 -0.201762 0 0 -0.014646 -0.205771 -0 -0.0288924
internal_weight=0 20.3235 5.46269 14.8608 3.8875 3.49049 12.3187 6.48421 1.5889 5.83445 3.86408 3.04739 3.58187 1.34048
internal_count=153 136 28 108 21 17 86 49 8 37 25 20 27 11
shrinkage=0.0984825


Tree=20
num_leaves=14
num_cat=0
split_feature=9 3 9 3 3 3 3 9 3 3 9 3 3
split_gain=1.53068 0.611519 1.33037 1.23397 1.16401 0.445971 0.996 0.866757 0.385489 0.270189 0.199506 0.0990364 0.0976127
threshold=23.798399822239404 763.00000000000011 22.645647062339702 500.00000000000006 467.00000000000006 434.50000000000006 475.50000000000006 24.880309890215901 859.50000000000011 480.50000000000006 25.951391503193655 438.50000000000006 525.50000000000011
decision_type=8 10 10 10 10 8 8 10 8 10 10 8 10
left_child=1 2 3 4 11 -2 10 8 12 -9 -7 -1 -8
right_child=5 -3 -4 -5 -6 6 7 9 -10 -11 -12 -13 -14
leaf_value=-0.035285654755404315 0.10869909951552109 0.0079404895496617556 -0.098019284191000061 -0.075833026386068411 0.089557205486823138 -0 -0 0 0.016679793599099484 0.054169648630722496 -0.066381809392952837 0 -0.060075793868323756
leaf_weight=0.73918273299932735 0.82610709965228757 1.2734078094363201 2.5579482093453407 1.7878080084919927 1.5547178760170934 1.0322964787483209 0.58989720791578415 1.454488068819044 1.0522914379835127 7.0798855796456337 1.0169369131326673 1.6344372853636739 1.177883595228195
leaf_count=6 4 7 20 18 8 6 4 7 5 41 7 10 10
internal_value=0 -0.25774 -0.386223 -0 0.196017 0.251724 0.149194 0.298666 -0 0.468701 -0.3658 -0.0148751 -0.443114
internal_weight=0 9.5475 8.27409 5.71615 3.92834 14.2298 13.4037 11.3544 2.82007 8.53437 2.04923 2.37362 1.76778
internal_count=153 69 62 42 24 84 80 67 19 48 13 16 14
shrinkage=0.0984825


Tree=21
num_leaves=12
num_cat=0
split_feature=2 4 1 5 4 1 1 1 5 1 4
split_gain=1.64537 1.45516 1.00322 1.12657 0.818305 1.18338 0.497569 0.811302 0.480041 0.388234 0.210258
threshold=1.5000000000000002 92.200000000000017 581.50000000000011 1.0000000180025095e-35 77.250000000000014 769.50000000000011 352.00000000000006 504.00000000000006 7.5000000000000009 395.50000000000006 96.200000000000017
decision_type=8 2 10 10 2 10 10 8 10 10 2
left_child=9 2 3 -2 5 -4 8 10 -3 -1 -8
right_child=1 6 4 -5 -6 -7 7 -9 -10 -11 -12
leaf_value=0 0.0027076058016020179 0 0.13684688850460136 -0.054318085186640261 -0.024097729943706438 -0 -0.052890644894746944 0.088327966682800005 0.10225277202399405 0.10994388141905752 0
leaf_weight=0.7853756695985824 2.1565064415335682 0.66686608642339651 0.97306960821151711 9.7567370906472188 1.3974972292780874 1.3278677240014074 1.0849441811442382 0.83142739534378052 1.4684917628765104 1.5359615236520765 1.1803263202309606
leaf_count=4 11 4 4 78 9 7 11 4 7 7 7
internal_value=0 -0.0595371 -0.237738 -0.393919 0.0945461 0.572406 0.349827 0 0.725245 0.816393 -0.221749
internal_weight=0 20.8437 15.6117 11.9132 3.69843 2.30094 5.23206 3.0967 2.13536 2.32134 2.26527
internal_count=153 142 109 89 20 11 33 22 11 11 18
shrinkage=0.0984825


Tree=22
num_leaves=16
num_cat=0
split_feature=6 3 5 3 3 3 3 5 6 5 3 4 4 4 3
split_gain=1.5086 1.62643 1.32816 1.50438 2.04305 1.0742 0.668324 0.514196 0.510194 1.73982 0.479465 0.34247 0.195876 0.0106631 0.0028572
threshold=78.500000000000014 961.50000000000011 4.5000000000000009 505.50000000000006 455.50000000000006 595.00000000000011 700.50000000000011 1.5000000000000002 75.500000000000014 7.5000000000000009 525.50000000000011 93.200000000000017 81.450000000000017 95.250000000000014 451.50000000000006
decision_type=2 10 10 8 10 10 10 10 2 10 8 2 2 2 8
left_child=2 7 10 4 11 12 -7 -2 9 -6 14 -4 -5 -11 -1
right_child=1 -3 3 5 8 6 -8 -9 -10 13 -12 -13 -14 -15 -16
leaf_value=0.0060273356805272448 -0 0.054938803760114965 -0.057149522217712682 -0 0.14191268856594894 0.067245814885271094 -0.02534295418156253 -0.065396950881373789 0.14923970688567412 -0.009579123183189691 0.11424810620604135 0 -0.085075419707818775 0 -0
leaf_weight=0.72635871171951572 1.5619904100894917 1.2757903933525083 1.1652840003371214 0.64562785625457886 0.9091911613941196 1.2379909232258799 1.0830034017562864 5.0916955433785915 1.4195010662078855 1.0906293168663976 2.0767230615019798 0.99054922908544529 2.2654530480504036 0.90622927248477925 0.72696817666292191
leaf_count=4 8 6 11 4 4 7 8 43 6 6 10 5 22 4 5
internal_value=0 -0.257703 0.262858 0.0407333 0.406334 -0.291518 0 -0.511024 0.837153 0.27575 0.814221 -0.168453 -0.71857 -0 0
internal_weight=0 7.92948 15.2435 11.7135 6.48138 5.23208 2.32099 6.65369 4.32555 2.90605 3.53005 2.15583 2.91108 1.99686 1.45333
internal_count=153 57 96 77 36 41 15 51 20 14 19 16 26 10 9
shrinkage=0.0984825


Tree=23
num_leaves=16
num_cat=0
split_feature=1 3 4 1 1 4 1 4 1 3 3 3 4 3 1
split_gain=1.24638 3.27251 1.24954 0.82233 0.776264 0.393642 0.5007 0.268714 0.617453 1.2609 0.171544 0.0757238 0.14009 0.0419584 0.0145606
threshold=525.00000000000011 516.50000000000011 95.250000000000014 696.50000000000011 290.50000000000006 71.65000000000002 349.00000000000006 76.350000000000009 341.50000000000006 480.50000000000006 477.00000000000006 473.50000000000006 91.600000000000009 451.50000000000006 941.00000000000011
decision_type=10 10 2 10 8 2 10 2 10 8 10 10 2 10 10
left_child=1 2 4 -2 -1 -3 -7 -6 9 -9 -4 13 -13 -10 -5
right_child=3 5 10 14 7 6 -8 8 11 -11 -12 12 -14 -15 -16
leaf_value=-0.065999481806306839 0.071743424935695382 0 0.10664382753800122 -0.0090052790537344454 -0 -0 -0.097718795658410879 -0 -0 0.099258940020111444 0 -0.050089231703895176 0 0.025838032998450174 0.005527753290663703
leaf_weight=1.3266589418053669 3.9122492522001258 0.53624459356069465 1.5542112737894052 1.4084646701812746 1.4158072695136068 0.70885182917118061 3.7897920198738575 1.2991100251674654 0.79110597074031852 2.2386821508407593 0.9233846217393874 0.76010741293430306 0.97899632155895233 0.71491854637861252 0.75051234662532784
leaf_count=12 21 4 7 8 8 5 41 8 6 10 4 5 6 4 4
internal_value=0 -0.0509891 0.192066 0.456578 0 -0.752645 -0.848678 0.141149 0.251921 0.542066 0.820783 -0 -0.192747 0.0795464 -0
internal_weight=0 17.0379 12.003 6.07123 9.52539 5.03489 4.49864 8.19873 6.78292 3.53779 2.4776 3.24513 1.7391 1.50602 2.15898
internal_count=153 120 70 33 59 50 46 47 39 18 11 21 11 10 12
shrinkage=0.0984825


Tree=24
num_leaves=13
num_cat=0
split_feature=2 5 0 5 11 11 2 5 11 5 5 11
split_gain=1.08141 1.36216 0.785578 0.722816 0.305102 0.261612 0.286029 0.217232 0.0946932 0.13567 0.0256711 0.00492367
threshold=2.5000000000000004 3.5000000000000004 1.0000000180025095e-35 9.5000000000000018 1.0000000180025095e-35 6.0000000000000009 1.5000000000000002 6.5000000000000009 10.000000000000002 4.5000000000000009 8.5000000000000018 1.0000000180025095e-35
decision_type=8 10 8 10 2 2 10 10 2 10 10 2
left_child=1 4 3 -2 -1 7 -7 -3 10 -10 -8 -9
right_child=2 5 -4 -5 -6 6 8 11 9 -11 -12 -13
leaf_value=-0 -0.084426399340278041 0.039528799162907864 0 0 0.074272245228485842 0 0 0 0 -0.046039581039286612 -0.013648667570980696 -0.0050004244164524826
leaf_weight=0.61532985419035613 3.2802555672824374 1.5293314531445483 1.0603277683258054 1.3388557061552999 3.1582974568009377 0.85631512105464924 0.72344909608364139 2.0922998562455177 0.68161172792315472 3.3766228705644608 1.3001012057065962 1.8733880892395975
leaf_count=4 28 9 5 11 15 4 5 14 5 31 9 13
internal_value=0 0.0969666 -0.403171 -0.606884 0.629947 -0.0153296 -0.181407 0.0795698 -0.290284 -0.386049 -0 -0
internal_weight=0 16.2067 5.67944 4.61911 3.77363 12.4331 6.9381 5.49502 6.08178 4.05823 2.02355 3.96569
internal_count=153 109 44 39 19 90 54 36 50 36 14 27
shrinkage=0.0984825


Tree=25
num_leaves=21
num_cat=0
split_feature=4 9 4 1 2 9 1 1 9 4 3 9 3 3 1 1 1 1 1 3
split_gain=0.989679 1.61177 0.931688 0.790218 0.780491 0.579535 0.517089 0.495312 0.45174 0.634734 0.378307 0.371604 0.340114 1.08088 0.239976 0.186792 0.0900773 0.055105 0.0109033 0.00349167
threshold=94.850000000000009 22.686378056168554 97.750000000000014 309.00000000000006 2.5000000000000004 26.688290234052904 309.00000000000006 301.00000000000006 23.337480115936053 91.950000000000017 511.50000000000006 28.562770539434354 500.00000000000006 763.00000000000011 425.00000000000006 286.00000000000006 444.00000000000006 545.00000000000011 429.50000000000006 451.50000000000006
decision_type=2 8 2 8 8 8 10 10 10 2 10 10 10 10 10 8 10 8 10 10
left_child=1 3 10 19 5 6 -3 15 -9 -10 -2 -7 -8 16 -13 -6 18 -18 -14 -1
right_child=2 4 -4 -5 7 11 12 8 9 -11 -12 14 13 -15 -16 -17 17 -19 -20 -21
leaf_value=-0.0010530959158623389 0.10610583056819525 -0 -0 -0.091103966493593758 -0 -0.059297577392376233 0.10619619063315443 0 -0.093784279123974038 0 0 -0 -0 0.087358308517838407 0.043702337097106032 0.044534507020395145 -0.042070899161219664 -0 0.012684168214949677 0.0069798582779235013
leaf_weight=0.58106093853712681 1.8578635305166242 1.0775790289044334 0.93218141794204701 2.8532776460051537 0.50216741114854868 0.97413189709186687 1.5545769631862638 0.43548477068543462 1.9841651991009714 0.54495737329125393 0.99312959611415841 0.40425693988800038 0.90943430364131961 1.5233254656195638 1.2087782025337217 0.87700828909873974 0.75911428779363599 0.61894856393337261 0.62084284424781799 0.64462438970804203
leaf_count=7 8 7 6 29 4 7 7 4 16 4 7 4 7 7 6 4 7 4 4 4
internal_value=0 -0.0745882 0.482417 -0.639438 0.0460972 0.240362 0.400559 -0.239201 -0.498557 -0.683248 0.794059 -0 0.524415 0.18102 0.0563206 0 -0 -0.252352 0 0
internal_weight=0 18.0737 3.78317 4.07896 13.9948 9.65099 7.06382 4.34378 2.96461 2.52912 2.85099 2.58717 5.98624 4.43167 1.61304 1.37918 2.90834 1.37806 1.53028 1.22569
internal_count=153 132 21 40 92 60 43 32 24 20 15 17 36 29 10 8 22 11 11 11
shrinkage=0.0984825


Tree=26
num_leaves=16
num_cat=0
split_feature=1 1 1 9 9 9 9 8 9 9 1 1 9 9 9
split_gain=2.42068 0.68778 1.32455 1.1256 0.706663 0.685075 0.647378 0.845877 0.395575 0.569079 0.297464 0.290143 0.113253 0.190516 0.0396866
threshold=290.50000000000006 421.50000000000006 525.00000000000011 26.493207339833052 23.337480115936053 26.983824134976256 26.983824134976256 1.0000000180025095e-35 19.727972925429004 23.209581211932605 545.00000000000011 987.50000000000011 25.378591521542102 25.951391503193655 28.562770539434354
decision_type=8 8 8 10 10 10 8 8 10 10 10 8 10 10 10
left_child=-1 6 3 -3 11 10 7 8 -2 -10 -6 -4 -11 -14 -7
right_child=1 2 4 -5 5 14 -8 -9 9 12 -12 -13 13 -15 -16
leaf_value=-0.087875599595315518 0 -0.087550696730392633 -0.053802169200151795 0 0 -0.015583570497792425 -0 -0 0.12576211571723589 0 0.09011395161271378 0 0.075313962200895174 0 0.01113638520735109
leaf_weight=2.138434141874316 1.0013765580952156 2.4594986476004101 0.94954044371843394 0.71766297891736019 1.1725444942712786 0.93542400002479587 1.0719098672270782 0.96882113069295972 2.1883613467216492 1.9267788827419285 2.5465395897626877 0.82073538005352031 0.97801060229539905 1.0546624548733232 1.1641706228256223
leaf_count=19 7 29 7 5 6 5 8 8 11 13 13 5 5 6 6
internal_value=0 0.196489 0 -0.513381 0.25026 0.448946 0.397749 0.50832 0.64105 0.735834 0.704735 -0.0478011 0.269171 0.4412 -0
internal_weight=0 19.956 10.7661 3.17716 7.58895 5.81868 9.18992 8.11801 7.14919 6.14781 3.71908 1.77028 3.95945 2.03267 2.09959
internal_count=153 134 76 34 42 30 58 50 42 35 19 12 24 11 11
shrinkage=0.0984825


Tree=27
num_leaves=18
num_cat=0
split_feature=2 9 3 9 9 3 3 3 9 9 2 4 4 4 3 3 3
split_gain=1.44077 0.487033 0.64873 0.459838 0.584964 0.442586 0.236905 0.790326 0.961982 0.540587 0.83654 0.231109 0.271898 0.248607 0.131416 0.0697985 0.00624957
threshold=1.5000000000000002 22.686378056168554 500.00000000000006 26.688290234052904 28.283900408551403 477.00000000000006 595.00000000000011 485.00000000000006 25.124080134986503 25.829876360507253 2.5000000000000004 74.90000000000002 83.950000000000017 91.200000000000017 541.50000000000011 492.50000000000006 607.50000000000011
decision_type=8 8 10 10 10 10 8 10 10 10 10 2 2 2 10 8 8
left_child=-1 2 15 6 -5 -6 7 9 -9 10 -3 -8 -13 -14 -10 -2 -7
right_child=1 3 -4 4 5 16 11 8 14 -11 -12 12 13 -15 -16 -17 -18
leaf_value=0.074917170852809453 -0.01356375206286114 0.10784096156840932 -0.074923372017247483 -0.071326324147108017 -0.047061667284542981 0.055583128106574023 0 -0.081699769542570605 0.033904937415357765 -0 -0 0.081394672981215929 -0.021904745344344181 0.050456004593848781 -0 0.017911021031539846 0
leaf_weight=2.6140398979187038 1.4972895756363898 1.5418364033102969 1.8448445498943327 1.2900498062372201 0.7445592433214191 0.8127065524458883 1.5438443943858153 1.7608995623886587 1.0723297894001005 0.82427449524402596 1.1947585344314573 1.626347601413727 0.66050973534584012 0.77932867407798756 0.39952675253152842 1.1942003443837164 0.92323777824640285
leaf_count=13 13 8 23 10 5 4 8 18 5 5 7 9 5 4 4 7 5
internal_value=0 -0 -0.310241 0.0555324 -0.170628 0 0.18603 0 -0.290017 0.378499 0.617081 0.369043 0.527683 0 0 0 0.386118
internal_weight=0 19.7105 4.53633 15.1742 3.77055 2.4805 11.4037 6.79363 3.23276 3.56087 2.73659 4.61003 3.06619 1.43984 1.47186 2.69149 1.73594
internal_count=153 140 43 97 24 14 73 47 27 20 15 26 18 9 9 20 9
shrinkage=0.0984825


Tree=28
num_leaves=15
num_cat=0
split_feature=3 3 9 3 11 9 9 3 9 9 9 9 9 9
split_gain=1.71758 2.28537 1.73244 0.300151 0.424918 0.325216 0.36536 0.292035 0.0795184 0.453106 0.123725 0.0254323 0.829191 0.0140939
threshold=763.00000000000011 511.50000000000006 25.829876360507253 455.50000000000006 22.000000000000004 28.283900408551403 19.651793035751556 1101.5000000000002 24.400354599084103 25.583833254847352 20.319431338894351 22.645647062339702 23.798399822239404 27.254980117197253
decision_type=10 10 10 8 2 10 8 10 10 8 10 10 10 8
left_child=1 3 -3 8 5 6 -5 -2 10 -10 -1 -8 -13 -4
right_child=7 2 13 4 -6 -7 11 -9 9 -11 -12 12 -14 -15
leaf_value=0 0.10299432471596748 -0.085034672192228558 0.011607041817798496 -0 -0 -0 0.084697115747264448 0 0.070897117292389317 -0 -0.045523035497119141 -0.017219914573636721 0.059650766715008401 -0
leaf_weight=0.4966174364090013 1.8137005865573876 4.7643978707492343 0.9781922101974484 0.60157262533903111 0.87829819321632363 0.7865394502878188 2.3742769882082939 0.69337164610624302 0.8487901687622067 0.83399112522602092 0.888261578977108 1.1771319881081583 2.443109318614006 0.98999716341495525
leaf_count=4 9 53 7 4 7 4 13 4 4 7 9 7 13 8
internal_value=0 -0.0340576 -0.522332 0.201089 0.30259 0.399592 0.47712 0.825079 -0 0.0573915 -0.227954 0.557612 0.179323 0
internal_weight=0 18.0612 6.73259 11.3286 8.26093 7.38263 6.59609 2.50707 3.06766 1.68278 1.38488 5.99452 3.62024 1.96819
internal_count=153 140 68 72 48 41 37 13 24 11 13 33 20 15
shrinkage=0.0984825


Tree=29
num_leaves=13
num_cat=0
split_feature=6 1 1 6 1 1 1 8 1 8 1 1
split_gain=1.60156 1.16775 1.25462 0.81295 0.827489 0.643877 0.389326 0.24724 0.459654 0.194927 0.0780417 0.00723034
threshold=78.500000000000014 290.50000000000006 336.50000000000006 74.500000000000014 389.00000000000006 375.50000000000006 237.00000000000003 1.0000000180025095e-35 617.50000000000011 1.0000000180025095e-35 769.50000000000011 349.00000000000006
decision_type=2 10 8 2 10 10 10 10 10 10 10 10
left_child=1 6 -3 5 11 -4 -1 8 -2 -6 -10 -5
right_child=7 2 3 4 9 -7 -8 -9 10 -11 -12 -13
leaf_value=0 -0.062576890479985714 0.1087524151482718 0 0 0.065560351753985835 -0.070506957324499644 -0.06673627008960191 0 0.022211296597833108 -0 -0.023363575906070001 -0.010397435019733487
leaf_weight=1.3465122878551512 4.5962136648595324 2.0517281368374798 1.1371608078479769 0.84549941122531869 3.9953122437000275 1.4895095229148863 1.300034165382385 1.1232204623520372 0.77560579776763883 0.34379282221198071 0.6162920817732811 0.61223364248871803
leaf_count=9 42 10 6 5 26 15 12 9 4 4 4 7
internal_value=0 0.182454 0.362513 0.102927 0.361975 -0.227856 -0.289194 -0.403462 -0.483911 0.603154 0 -0
internal_weight=0 13.1218 10.4752 8.42351 5.79684 2.62667 2.64655 7.11133 5.98811 4.33911 1.3919 1.45773
internal_count=153 94 73 63 42 21 21 59 50 30 8 12
shrinkage=0.0984825


Tree=30
num_leaves=17
num_cat=0
split_feature=5 3 9 3 6 5 6 3 3 6 3 3 9 3 9 9
split_gain=1.32073 2.23906 1.54995 0.945899 0.972501 0.680508 0.672926 0.467299 0.334032 0.132769 0.413756 0.079424 0.0948834 0.275118 0.0792242 0.0568518
threshold=2.5000000000000004 511.50000000000006 26.155042269491002 477.00000000000006 81.500000000000014 7.5000000000000009 80.500000000000014 445.50000000000006 667.00000000000011 74.500000000000014 777.00000000000011 458.50000000000006 24.253298071060453 485.00000000000006 24.253298071060453 23.209581211932605
decision_type=10 8 10 8 2 8 2 10 10 2 8 10 10 10 8 8
left_child=3 5 -3 -1 8 6 7 -2 -5 -4 -11 14 13 -13 -7 -6
right_child=1 2 9 4 15 11 -8 -9 -10 10 -12 12 -14 -15 -16 -17
leaf_value=-0.014766703146097817 0 -0.088348953461142576 -0.030795348814863344 0.12727398887127639 -0.01929865823256998 -0.041497405370709652 -0 0.08895562416932444 0 0.061533440870695962 -0 0.063922446954005022 -0.0090834220726739891 -0 0 0.017457986396050583
leaf_weight=0.5680436789989497 0.86885070800781405 5.1030335016548625 0.7690459564328197 1.8038027733564379 0.59190722554922071 0.85774611309170778 0.41163324564695353 2.3673833906650543 0.72225171327590931 1.1617464907467367 0.8608991652727126 0.81938503682613451 1.0738940462470052 1.2708706259727476 0.62018330395221721 1.0048825889825821
leaf_count=4 7 55 8 8 4 9 4 11 4 7 4 4 7 8 4 5
internal_value=0 -0.173417 -0.571042 0.420195 0.651789 0.129956 0.47206 0.67564 1.03396 0 0.161955 -0.00496074 0 0.200434 -0.229179 0
internal_weight=0 16.1847 7.89473 4.69089 4.12284 8.28995 3.64787 3.23623 2.52605 2.79169 2.02265 4.64208 3.16415 2.09026 1.47793 1.59679
internal_count=153 128 74 25 21 54 22 18 12 19 11 32 19 12 13 9
shrinkage=0.0984825


Tree=31
num_leaves=11
num_cat=0
split_feature=6 1 1 6 8 1 1 7 1 1
split_gain=0.841022 0.628399 0.520112 0.815175 0.253579 0.347029 0.530748 0.240442 0.109704 0.0493003
threshold=81.500000000000014 617.50000000000011 545.00000000000011 75.500000000000014 1.0000000180025095e-35 301.00000000000006 444.00000000000006 1.0000000180025095e-35 467.00000000000006 444.00000000000006
decision_type=2 10 10 2 8 8 10 2 8 8
left_child=2 -2 4 -4 5 7 9 -1 -6 -7
right_child=1 -3 3 -5 8 6 -8 -9 -10 -11
leaf_value=0 -0.073083119212407371 0 -0 0.074869305123242122 -0.054291638858067801 0.029678335930095549 -0.031771458419935145 -0.055483925642344466 -0 0
leaf_weight=0.54263226687908428 2.4197741523385043 1.2140766009688375 1.1203377693891519 2.4760157614946365 1.0873534344136719 8.1115218698978389 0.84690794721245843 1.0894679352641103 0.55261972174048435 0.8608981668949135
leaf_count=4 22 7 6 13 13 54 14 11 4 5
internal_value=0 -0.444213 0.0835634 0.41871 -0 0.0435116 0.159855 -0.264723 -0.371873 0.276884
internal_weight=0 3.63385 16.6878 3.59635 13.0914 11.4514 9.81933 1.6321 1.63997 8.97242
internal_count=153 29 124 19 105 88 73 15 17 59
shrinkage=0.0984825


Tree=32
num_leaves=13
num_cat=0
split_feature=1 1 6 1 1 6 1 1 1 6 1 1
split_gain=0.74104 1.18765 0.831197 0.803706 0.555426 0.528286 0.400025 0.3113 0.136244 0.206027 0.00552849 0.00123407
threshold=290.50000000000006 349.00000000000006 77.500000000000014 525.00000000000011 237.00000000000003 81.500000000000014 444.00000000000006 696.50000000000011 433.00000000000006 75.500000000000014 559.00000000000011 433.00000000000006
decision_type=8 8 2 10 10 2 10 10 8 2 10 10
left_child=4 2 -2 6 -1 7 8 -5 9 -3 -7 -10
right_child=1 3 -4 5 -6 10 -8 -9 11 -11 -12 -13
leaf_value=0 0.085589269648643829 -0 -0 0.070186406951537453 -0.07898347767259907 0 -0.070808719613961291 -0 -0 -0.041397770598665361 -0.0065551691308266295 0.0042324312666659437
leaf_weight=0.49060487747192683 2.8396620750427277 3.1409954838454706 1.1034267470240591 2.3646211251616474 1.7405659407377241 0.59028200060129155 1.5433704629540441 0.80172846466302861 2.2179865464568143 1.9407541602849958 1.2113959416747091 0.631719160825014
leaf_count=4 14 23 7 11 17 4 22 5 13 19 9 5
internal_value=0 0.0912742 0.580523 -0 -0.50903 0.275536 -0.211079 0.532516 -0.0298459 -0.167351 -0 0
internal_weight=0 18.3859 3.94309 14.4429 2.23117 4.96803 9.47483 3.16635 7.93146 5.08175 1.80168 2.84971
internal_count=153 132 21 111 21 29 82 16 60 42 13 18
shrinkage=0.0984825


Tree=33
num_leaves=12
num_cat=0
split_feature=4 4 4 1 1 3 1 4 1 4 4
split_gain=1.13956 0.542211 0.754781 0.402772 0.414317 0.261621 0.218838 0.213031 0.266398 0.185128 0.0655235
threshold=94.850000000000009 89.950000000000017 88.300000000000026 581.50000000000011 696.50000000000011 511.50000000000006 987.50000000000011 92.750000000000014 419.00000000000006 73.000000000000014 87.450000000000017
decision_type=2 2 2 8 8 10 8 2 10 2 2
left_child=1 2 3 5 -5 -1 -6 8 -3 -7 -11
right_child=-2 7 -4 4 6 9 -8 -9 -10 10 -12
leaf_value=-0 0.059750455694258686 -0.074430721279705805 0.060117440014171249 0.05494309626392109 -0.040404230266268416 0 0.0078874685871986629 -0 -0 -0.071714976508763059 -0
leaf_weight=3.0425333902239844 3.0560633055865756 1.7725712545216077 1.9986381195485579 1.4720579236745841 1.180932864546776 0.52996788918972049 2.1353465244174004 1.6646161265671251 1.085889173671603 1.5971039626747368 0.39078896865248663
leaf_count=22 18 20 14 7 8 4 12 13 9 22 4
internal_value=0 -0.0357448 0.0283333 -0.0247924 0.106964 -0.251479 -0 -0.348534 -0.514699 -0.490913 -0.62892
internal_weight=0 16.8704 12.3474 10.3487 4.78834 5.56039 3.31628 4.52308 2.85846 2.51786 1.98789
internal_count=153 135 93 79 27 52 20 42 29 30 26
shrinkage=0.0984825


Tree=34
num_leaves=15
num_cat=0
split_feature=9 3 3 9 3 9 9 3 0 3 9 3 9 3
split_gain=0.508991 0.900908 0.546459 0.387915 0.222116 0.275537 0.262636 0.244454 0.20222 0.117459 0.793311 0.0931701 0.253332 0.00192722
threshold=23.540214608285403 500.00000000000006 475.50000000000006 25.951391503193655 445.50000000000006 20.204685658046902 19.727972925429004 485.00000000000006 1.0000000180025095e-35 511.50000000000006 26.361391938765802 595.00000000000011 26.983824134976256 564.50000000000011
decision_type=10 10 8 10 10 10 10 10 8 8 10 10 10 8
left_child=1 4 3 -2 5 -1 -6 -8 9 10 -4 13 -13 -11
right_child=2 -3 8 -5 6 -7 7 -9 -10 11 -12 12 -14 -15
leaf_value=0 0 -0.062826939149874944 -0 -0.061297579053262358 -0 -0.05318865464066623 0.072622469179586605 0 0.072888382985040287 -0.01323539186790859 0.088047395342207291 0.038392578483660858 -0 -0
leaf_weight=0.57933685928583389 1.1345530450344061 2.5337566826492548 1.7962651848793005 1.0378283187746999 0.5889813341200355 0.96350419893860795 1.274884030222893 1.0988903194665907 1.6887502707540996 1.3779402524232875 1.2967120260000227 2.0881253853440289 1.3349282890558241 0.99083418771624565
leaf_count=4 7 31 12 9 5 9 8 7 9 18 6 13 8 7
internal_value=0 -0.143206 0.172288 -0.113119 0 -0.101078 0.262067 0.440942 0.290862 0.131739 0.294973 0 0.14179 -0.0990948
internal_weight=0 7.03935 12.7459 2.17238 4.5056 1.54284 2.96276 2.37377 10.5736 8.88481 3.09298 5.79183 3.42305 2.36877
internal_count=153 64 89 16 33 13 20 15 73 64 18 46 21 25
shrinkage=0.0984825


Tree=35
num_leaves=16
num_cat=0
split_feature=4 9 2 9 1 1 4 4 4 4 1 4 1 9 1
split_gain=0.625727 0.84642 0.512027 0.682495 0.410651 0.878467 0.804507 0.33995 0.330975 0.280325 0.271752 0.178115 0.0253247 0.0228891 0.00478976
threshold=94.850000000000009 22.815543116602104 1.5000000000000002 25.951391503193655 581.50000000000011 696.50000000000011 89.200000000000017 97.750000000000014 87.450000000000017 79.40000000000002 341.50000000000006 89.950000000000017 290.50000000000006 28.283900408551403 303.50000000000006
decision_type=2 8 8 10 8 10 2 2 2 2 10 2 10 10 8
left_child=1 10 -3 4 6 9 -4 -2 12 -6 14 -8 -5 -14 -1
right_child=7 2 3 8 5 -7 11 -9 -10 -11 -12 -13 13 -15 -16
leaf_value=-0.0084050507241439018 0.055451065041169978 0.059282611988028026 -0.065141021531279264 -0.019877253646644642 0.10800837318678665 -0 0.056272634502020344 -0 -0.065595365704978953 0 -0.078074244167500778 -0 -0 0.016297577667620949 0
leaf_weight=0.62114641070366539 2.7393293604254718 1.3619701117277117 1.5048563275486233 0.58521863073110603 1.3441805392503745 0.95736125856637933 0.9077901318669318 0.65568953007459629 2.0544533915817738 1.023765981197357 1.8790219165384767 1.0492305271327493 1.1946783065795896 0.79935954511165597 0.8303796648979187
leaf_count=8 16 8 22 4 6 6 5 4 17 6 25 10 7 4 5
internal_value=0 -0.0728347 0 -0.0215162 0.115594 0.386362 -0 0.396715 -0.357425 0.757677 -0.526149 0.255537 -0 0 -0
internal_weight=0 16.1134 12.7829 11.4209 6.78718 3.32531 3.46188 3.39502 4.63371 2.36795 3.33055 1.95702 2.57926 1.99404 1.45153
internal_count=153 133 95 87 55 18 37 20 32 12 38 15 15 11 13
shrinkage=0.0984825


Tree=36
num_leaves=15
num_cat=0
split_feature=9 11 9 11 3 11 3 3 9 3 3 9 9 3
split_gain=0.274883 0.813522 0.586695 0.504069 0.388255 0.566151 0.292604 0.272372 0.45384 0.227617 0.123412 0.107533 0.0559704 0.0541973
threshold=26.983824134976256 14.000000000000002 23.540214608285403 14.000000000000002 763.00000000000011 44.000000000000007 511.50000000000006 434.50000000000006 22.815543116602104 1.0000000180025095e-35 650.00000000000011 19.727972925429004 22.815543116602104 711.00000000000011
decision_type=8 2 10 2 10 2 10 8 10 10 10 10 10 8
left_child=1 2 6 -2 5 -3 7 -1 11 -4 -5 -9 -6 -8
right_child=3 4 9 10 12 -7 13 8 -10 -11 -12 -13 -14 -15
leaf_value=-0 -0.051009075968825465 -0.074812393708278066 -0 -0 -0 0 -0.047228631658913674 0 -0 0.050470851793589247 0.041109902988115642 0.075270908641537668 0.026691255208489154 -0
leaf_weight=0.38758423551917287 2.186372328549623 1.9107565227895971 0.74062272906303395 0.75423410534858693 0.38629787415266015 0.61834451928734768 1.0435042846947904 0.75446458160877294 0.68508475273847569 6.2721176892518997 0.6718064546585083 1.5593081861734388 0.72553356736898411 0.57765483856201183
leaf_count=4 15 28 4 7 4 5 17 5 4 40 4 8 4 4
internal_value=0 0.112398 0.264356 -0.159003 -0.214541 -0.466165 0 0.169582 0.349521 0.450285 0 0.592353 0 -0.342256
internal_weight=0 15.6613 12.0203 3.61241 3.64093 2.5291 5.0076 3.38644 2.99886 7.01274 1.42604 2.31377 1.11183 1.62116
internal_count=153 127 86 26 41 33 42 21 17 44 11 13 8 21
shrinkage=0.0984825


Tree=37
num_leaves=15
num_cat=0
split_feature=4 5 2 5 4 4 5 4 4 4 4 4 5 4
split_gain=0.663517 0.651764 0.491376 0.440132 0.693885 0.345125 0.205048 0.193003 0.154589 0.52999 0.0934665 0.0473093 0.0218376 0.0173058
threshold=94.850000000000009 9.5000000000000018 2.5000000000000004 3.5000000000000004 76.350000000000009 97.750000000000014 9.5000000000000018 83.950000000000017 75.200000000000017 86.000000000000014 73.000000000000014 89.950000000000017 9.5000000000000018 73.000000000000014
decision_type=2 10 8 10 2 2 10 2 2 2 2 2 8 2
left_child=2 5 3 4 13 -2 -4 -6 10 -10 -5 -11 -13 -1
right_child=1 -3 6 8 7 -7 -8 -9 9 11 -12 12 -14 -15
leaf_value=0 0.083846074896376244 -0 -0.047298852031684345 -0 0.094633266420310377 -0 0 0 -0.060951351066062219 0.01331656384406028 0.031148073825618541 -0 -0.021760116808845268 -0.016532300973892078
leaf_weight=0.77975712716579471 2.232995368540287 0.63035211712121952 3.0433787088841209 0.87357616424560514 1.3848294802010062 0.53233886510133732 1.1340243071317671 1.1728919968008993 1.8047430329024789 1.9708758536726234 0.8979175165295602 1.485896944999695 0.62814877182245243 0.5776689201593399
leaf_count=5 11 5 30 7 7 4 10 8 22 14 5 15 6 4
internal_value=0 0.434552 -0.0355662 0.0227119 0.328124 0.681136 -0.346307 0.656873 -0.0518243 -0.171973 0 0 -0.0702343 -0
internal_weight=0 3.39569 15.7537 11.5763 3.91515 2.76533 4.1774 2.55772 7.66116 5.88966 1.77149 4.08492 2.11405 1.35743
internal_count=153 20 133 93 24 15 40 15 69 57 12 35 21 9
shrinkage=0.0984825


Tree=38
num_leaves=13
num_cat=0
split_feature=1 3 9 9 9 1 1 3 1 9 9 1
split_gain=0.992703 1.1219 0.803923 0.766297 0.632888 0.831516 0.653026 0.344852 0.561585 0.0760446 0.0717714 0.0653822
threshold=290.50000000000006 485.00000000000006 25.951391503193655 19.919454223318954 24.988055647129205 581.50000000000011 375.50000000000006 531.50000000000011 559.00000000000011 26.361391938765802 23.022472731321852 303.50000000000006
decision_type=10 8 10 10 10 10 10 10 10 8 10 10
left_child=3 2 11 -1 5 6 -3 9 -9 -6 -7 -2
right_child=1 4 -4 -5 7 10 -8 8 -10 -11 -12 -13
leaf_value=0 0 -0 -0 -0.080695421681172566 -0.043059874238934134 -0 -0.090041224697183009 0.06650497891193799 -0 0 0.021807937796219246 0.077519812260130924
leaf_weight=0.59001378715038599 0.5356085970997787 1.1137015558779242 1.1678313165903089 2.6424327082931995 0.58650180697441068 0.50846370309591282 2.6532913092523813 1.8806435614824297 1.8836495429277418 0.55030060559511196 1.4272226989269254 2.9572340846061707
leaf_count=5 4 8 9 24 4 5 41 14 11 4 8 16
internal_value=0 0.0189036 0.458063 -0.561954 -0.115448 -0.364824 -0.647654 0.0468726 0.286813 -0.191543 0 0.712066
internal_weight=0 15.2644 4.66067 3.23245 10.6038 5.70268 3.76699 4.9011 3.76429 1.1368 1.93569 3.49284
internal_count=153 124 29 29 95 62 49 33 25 8 13 20
shrinkage=0.0984825


Tree=39
num_leaves=14
num_cat=0
split_feature=4 4 9 9 4 9 4 9 9 11 4 9 4
split_gain=0.189355 0.628819 0.356799 0.720466 0.339693 0.282525 0.328423 1.07823 0.425178 0.258743 0.201114 0.745592 0.0336298
threshold=95.250000000000014 89.950000000000017 25.124080134986503 26.688290234052904 97.750000000000014 26.155042269491002 77.250000000000014 20.518661731951301 22.815543116602104 1.0000000180025095e-35 80.850000000000009 28.934263858216553 75.200000000000017
decision_type=2 2 10 10 2 10 2 10 10 2 2 10 2
left_child=1 5 -3 -4 -2 6 8 -8 12 -9 -7 -12 -1
right_child=4 2 3 -5 -6 10 7 9 -10 -11 11 -13 -14
leaf_value=-0.021494710739061999 0.045105913546208271 -0.072844731223773329 0.03788831372087291 -0.065576142336617058 -0 -0 0.042503486227339793 -0 0.047112172496053741 -0.074456876748189099 0.081917832772510052 -0 0
leaf_weight=0.66952080279588899 2.3474090099334712 1.7985585648566473 1.2515547573566439 1.1585483774542806 0.79858753085136402 1.2261788323521616 0.83737917430698861 1.3199110776185992 2.0797754898667336 2.4897412080317736 1.7549378238618376 0.69084628671407688 0.36458384245634079
leaf_count=6 13 25 7 11 6 7 6 11 14 27 11 5 4
internal_value=0 -0.0429951 -0.390445 -0 0.224484 0.0304693 -0.00750355 -0.239991 0.136984 -0.555123 0.280959 0.446042 -0
internal_weight=0 15.6415 4.20866 2.4101 3.146 11.4329 7.76091 4.64703 3.11388 3.80965 3.67196 2.44578 1.0341
internal_count=153 134 43 18 19 91 68 44 24 38 23 16 10
shrinkage=0.0984825


Tree=40
num_leaves=13
num_cat=0
split_feature=5 11 2 11 4 4 4 4 11 4 4 4
split_gain=0.53969 0.496996 0.459976 0.301837 0.109707 0.107646 0.229213 0.134633 0.144242 0.107564 0.084748 0.0823127
threshold=1.0000000180025095e-35 18.000000000000004 1.5000000000000002 10.000000000000002 74.90000000000002 89.950000000000017 88.300000000000026 92.750000000000014 1.0000000180025095e-35 83.950000000000017 93.200000000000017 92.750000000000014
decision_type=10 2 8 2 2 2 2 2 2 2 2 2
left_child=1 -1 11 4 -4 6 9 -7 -9 -6 -5 -2
right_child=2 -3 3 10 5 7 -8 8 -10 -11 -12 -13
leaf_value=0.075900672245419923 0.054265646273645454 -0 -0.020698632154213931 -0.034075187591969376 0.018490149364454998 -0.037952539194248597 0.051592378717864443 0.039030377509258446 -0 -0.018682470867421416 -0 0
leaf_weight=1.842931356281045 1.5313172489404707 0.59477341175079335 1.0870090276002864 3.7463836409151545 1.7524765338748696 0.81266992911696467 1.4099060352891681 0.93621177971363101 1.4412474762648342 1.2002190221101043 1.5540271699428556 0.69010597467422485
leaf_count=11 9 4 9 41 15 9 10 5 9 12 15 4
internal_value=0 0.500315 -0 -0.0688668 0 0.0889748 0.195264 -0 0.0594455 0 -0.262636 0.41757
internal_weight=0 2.4377 16.1616 13.9402 8.63974 7.55273 4.3626 3.19013 2.37746 2.9527 5.30041 2.22142
internal_count=153 15 138 125 69 60 37 23 14 27 56 13
shrinkage=0.0984825


Tree=41
num_leaves=15
num_cat=0
split_feature=1 1 1 6 6 1 4 1 1 1 1 11 4 1
split_gain=0.531157 0.856683 0.466555 0.725481 0.344514 0.570613 0.479339 0.464594 0.345022 0.212944 0.198277 0.179774 0.134324 0.0153192
threshold=525.00000000000011 421.50000000000006 696.50000000000011 75.500000000000014 77.500000000000014 290.50000000000006 86.000000000000014 407.50000000000006 405.50000000000006 237.00000000000003 987.50000000000011 14.000000000000002 81.450000000000017 330.50000000000006
decision_type=8 10 8 2 2 10 2 10 10 10 8 2 2 10
left_child=1 4 3 -2 5 9 -7 13 11 -1 12 -8 -4 -6
right_child=2 -3 10 -5 7 6 8 -9 -10 -11 -12 -13 -14 -15
leaf_value=0 -0 -0.072076477195627625 -0.050595093795506113 0.078428677243557662 -0 -0 0.066147695766012357 0 -0 -0.050035214696917595 0.018645128490839442 0 0 -0.070459693085243191
leaf_weight=0.46366323158145117 0.77129432559013311 1.7473316285759199 0.91451455652713787 2.5250849537551403 0.65554257854819331 0.87680298835039139 3.6369446590542793 0.71213651821017243 0.55628467723727215 1.0044849328696726 2.2403967380523682 0.48887491971254338 0.54600539803504944 1.3041658122092483
leaf_count=4 4 31 7 16 8 6 22 5 4 11 13 4 4 14
internal_value=0 -0.0927432 0.247971 0.519383 0 0.139879 0.341639 -0.276001 0.48989 -0.192486 0 0.595785 -0.27917 -0.57974
internal_weight=0 11.4462 6.9973 3.29638 9.6989 7.02706 5.55891 2.67184 4.6821 1.46815 3.70092 4.12582 1.46052 1.95971
internal_count=153 109 44 20 78 51 36 27 30 15 24 26 11 22
shrinkage=0.0984825


Tree=42
num_leaves=13
num_cat=0
split_feature=1 3 6 3 2 6 6 1 3 6 3 6
split_gain=0.497805 0.868798 1.37017 0.537564 0.408548 0.137837 0.212191 0.54802 0.129691 0.083632 0.17839 0.0776407
threshold=290.50000000000006 505.50000000000006 78.500000000000014 595.00000000000011 1.5000000000000002 78.500000000000014 74.500000000000014 643.00000000000011 492.50000000000006 87.500000000000014 667.00000000000011 78.500000000000014
decision_type=8 8 2 8 8 2 2 8 8 2 10 2
left_child=-1 2 -2 4 -3 6 -5 -8 -4 10 -7 -6
right_child=1 3 8 5 11 9 7 -9 -10 -11 -12 -13
leaf_value=-0.05788447704707065 0.06602794591800798 0 -0.046416221781310732 -0 -0.074739656511365771 0 0.083672758080741885 -0 0 0 -0.043165484548544221 -0
leaf_weight=1.2233669385314012 4.8391989320516613 0.77787086367606884 0.82924880832433667 1.0223093181848537 1.8215415459126236 1.1521354038268334 1.2089750841259959 1.1716592907905576 0.50136131793260585 0.93492310494184483 1.3274633418768642 0.77153090015053727
leaf_count=17 28 4 7 8 27 11 7 8 5 6 12 13
internal_value=0 0.0617852 0.377424 -0.0680209 -0.413965 0.011832 0.200886 0.381067 -0.214009 -0 -0.182317 -0.614355
internal_weight=0 16.3582 6.16981 10.1884 3.37094 6.81747 3.40294 2.38063 1.33061 3.41452 2.4796 2.59307
internal_count=153 136 40 96 44 52 23 15 12 29 23 40
shrinkage=0.0984825


Tree=43
num_leaves=17
num_cat=0
split_feature=5 4 9 9 4 5 2 9 9 5 4 9 9 4 5 4
split_gain=0.819271 0.890548 1.0489 0.344261 0.329233 0.188828 0.185129 0.26401 0.227247 0.362644 0.111924 0.0707207 0.161854 0.137333 0.028453 0.0200931
threshold=8.5000000000000018 94.450000000000017 24.880309890215901 26.688290234052904 86.950000000000017 1.0000000180025095e-35 2.5000000000000004 25.829876360507253 29.454764128804651 4.5000000000000009 73.000000000000014 25.378591521542102 21.454701937558053 89.950000000000017 5.5000000000000009 77.250000000000014
decision_type=10 2 8 10 2 10 10 10 10 10 2 10 10 2 8 2
left_child=1 2 4 11 10 -4 7 -7 9 -9 -1 12 -2 -14 -12 -16
right_child=3 -3 5 -5 -6 6 -8 8 -10 -11 14 -13 13 -15 15 -17
leaf_value=-0.035387535781944604 0 0.082817695076926823 0.085214553068552731 -0.07330886769564697 -0.067634438005690051 -0 -0 0 -0 0.090615527470236962 -0 0.0037481745830903459 -0 -0.051949599539044732 0.022880029247294566 0
leaf_weight=0.8279480226337923 1.2729024942964309 1.946253154426812 1.1961320191621787 1.1600091494619844 1.2860192377120254 0.93610125035047553 0.46902082487940777 0.87959221005439825 0.63369955122470845 1.2193264737725256 1.0907946918159726 0.97688157483935345 0.98643468692898784 1.2876612506806848 0.86885279417037931 0.69518361799418926
leaf_count=10 11 12 6 10 16 9 4 5 5 7 11 6 13 14 5 9
internal_value=0 0.206488 0.0191554 -0.236037 -0.247563 0.375724 0.0760162 0.237645 0.413413 0.572758 -0 -0 -0.139017 -0.316265 0.0108564 0.134075
internal_weight=0 12.0489 10.1027 5.68389 4.7688 5.33387 4.13774 3.66872 2.73262 2.09892 3.48278 4.52388 3.547 2.2741 2.65483 1.56404
internal_count=153 99 87 54 51 36 30 26 17 12 35 44 38 27 25 14
shrinkage=0.0984825


Tree=44
num_leaves=9
num_cat=0
split_feature=2 5 7 5 11 11 11 11
split_gain=0.378111 0.591587 0.555268 0.248937 0.210158 0.0287732 0.0863871 0.0558199
threshold=2.5000000000000004 8.5000000000000018 1.0000000180025095e-35 9.5000000000000018 1.0000000180025095e-35 10.000000000000002 1.0000000180025095e-35 44.000000000000007
decision_type=8 8 2 10 2 2 2 2
left_child=1 2 -1 -2 -3 6 -4 -7
right_child=3 4 5 -5 -6 7 -8 -9
leaf_value=0.05072843615375959 -0.040922380368729847 0 -0 0 -0.032959831898932583 -0.017720792130966938 0.023327865859193289 0
leaf_weight=4.2038231901824474 3.101800274103879 0.9107124321162714 0.96235624700784672 1.2612923830747602 2.7948893066495657 1.860429557040334 1.9162604920566082 0.52867992967367161
leaf_count=31 31 7 9 12 27 19 13 4
internal_value=0 0.0802917 0.244802 -0.258033 -0.169078 0 0.0891666 -0.0480347
internal_weight=0 13.1772 9.47155 4.36309 3.7056 5.26773 2.87862 2.38911
internal_count=153 110 76 43 34 45 22 23
shrinkage=0.0984825


Tree=45
num_leaves=18
num_cat=0
split_feature=4 4 9 6 4 4 3 4 9 4 6 3 4 4 6 3 3
split_gain=0.740643 0.498093 0.487835 0.331111 0.468287 0.519249 0.186349 0.171594 0.165615 0.16035 0.204586 0.0999931 0.0437785 0.170201 0.0169045 0.0135041 0.00707305
threshold=94.450000000000017 97.750000000000014 24.880309890215901 80.500000000000014 76.800000000000026 73.000000000000014 475.50000000000006 91.600000000000009 22.319410483313604 84.550000000000011 86.500000000000014 500.00000000000006 88.700000000000017 90.450000000000017 76.500000000000014 480.50000000000006 420.50000000000006
decision_type=2 2 8 2 2 2 8 2 10 2 2 8 2 2 2 10 10
left_child=2 8 3 4 5 -1 7 -4 -2 10 -8 15 14 -14 -11 16 -6
right_child=1 -3 6 -5 11 -7 9 -9 -10 12 -12 -13 13 -15 -16 -17 -18
leaf_value=-0 0 -0 -0.05396833698626629 -0.077084485808056366 0 0.077005932489589174 0.046533125042209432 0 0.073866232141433508 -0.031588006102631107 -0 -0.061570882129363722 0.042302790632585949 -0 -0 0 -0.013108802951163494
leaf_weight=0.70385278388857908 0.78813432529568661 0.7753860279917717 0.95008617639541681 1.8997090421617029 0.41041925922036249 0.89233501255512226 1.8744653686881068 0.49222536012530327 1.8005932942032812 0.55341126397252116 0.95566789805889141 1.3534084651619194 0.88600922375917412 0.82244902476668347 0.4168095700442791 0.69202708080410957 1.1249535009264944
leaf_count=7 6 6 9 26 5 4 11 4 11 4 5 23 6 7 4 4 11
internal_value=0 0.329743 -0.166698 -0.351462 -0.0672485 0.172549 0 -0.290348 0.574964 0.105472 0.278312 -0.350057 -0 0 -0.20854 -0 -0.0926901
internal_weight=0 3.36411 14.0278 7.07671 5.177 1.59619 6.95112 1.44231 2.58873 5.50881 2.83013 3.58081 2.67868 1.70846 0.970221 2.2274 1.53537
internal_count=153 23 130 80 54 11 50 13 17 37 16 43 21 13 8 20 16
shrinkage=0.0984825


Tree=46
num_leaves=11
num_cat=0
split_feature=1 3 3 1 1 3 3 1 1 3
split_gain=0.507663 0.78979 0.326901 0.543433 0.220737 0.166955 0.10866 0.0908993 0.0613959 0.0474958
threshold=290.50000000000006 485.00000000000006 595.00000000000011 336.50000000000006 407.50000000000006 684.50000000000011 961.50000000000011 444.00000000000006 525.00000000000011 1101.5000000000002
decision_type=8 8 8 10 10 8 8 10 10 10
left_child=-1 -2 3 -3 -5 8 -7 -6 -4 -8
right_child=1 2 5 4 7 6 9 -9 -10 -11
leaf_value=-0.060089807095568298 0.040804347148991754 0 0 -0.068880475072184685 0 -0.025232894256298401 0.013699572452280205 -0.032943409125974356 0.038436926402319972 -0
leaf_weight=1.2748063728213335 4.4633517675101784 1.1198429465293855 0.6371655445545924 2.2672694884240627 1.0340152438729999 1.6187693383544681 2.4180426970124249 0.77590947877615679 1.4687968231737611 0.60811052471399296
leaf_count=19 29 5 9 24 11 12 15 13 11 5
internal_value=0 0.03443 -0.0554196 -0.263282 -0.469354 0.0117534 -0 -0 0.279941 0
internal_weight=0 16.4113 11.9479 5.19704 4.07719 6.75088 4.64492 1.80992 2.10596 3.02615
internal_count=153 134 105 53 48 52 32 24 20 20
shrinkage=0.0984825


Tree=47
num_leaves=14
num_cat=0
split_feature=6 1 1 3 6 1 6 3 1 1 1 1 1
split_gain=0.384618 0.486411 0.345984 0.311911 0.605776 0.222029 0.221495 0.477318 0.460519 0.20866 0.173645 0.127247 0.00308148
threshold=81.500000000000014 525.00000000000011 290.50000000000006 505.50000000000006 78.500000000000014 405.50000000000006 74.500000000000014 595.00000000000011 696.50000000000011 237.00000000000003 407.50000000000006 395.50000000000006 454.50000000000006
decision_type=2 10 8 10 2 10 2 10 10 10 10 10 10
left_child=2 -2 9 4 5 -4 11 10 -9 -1 -8 -5 -12
right_child=1 -3 3 6 -6 -7 7 8 -10 -11 12 -13 -14
leaf_value=0 -0.069463962966921589 0 0.059533716608735097 0 -0 0 -0.04206079529658905 0.063901675909695616 -0 -0.048926201913553388 0.005803226587372058 -0.048482762386810339 -0
leaf_weight=0.43124756589531971 1.3573272312059992 1.4013243764638899 4.3988344818353653 0.44897598028182967 1.2821166440844534 0.7297091782093047 0.91652576252818141 2.4087955877184872 0.74231833964586236 0.99322943016886722 0.85100186616182305 1.02356263063848 0.28029496408998966
leaf_count=4 16 12 26 4 10 4 12 17 6 13 7 14 8
internal_value=0 -0.272136 0.111428 0.191498 0.350713 0.520401 0 0.132449 0.422494 -0.176427 -0.00929001 -0.293122 0
internal_weight=0 2.75865 14.5066 13.0821 6.41066 5.12854 6.67148 5.19894 3.15111 1.42448 2.04782 1.47254 1.1313
internal_count=153 28 125 108 40 30 68 50 23 17 27 18 15
shrinkage=0.0984825


Tree=48
num_leaves=10
num_cat=0
split_feature=6 5 6 6 11 5 11 11 5
split_gain=0.241738 0.276117 0.272233 0.186972 0.138726 0.05438 0.14501 0.0214923 0.00634721
threshold=81.500000000000014 8.5000000000000018 88.500000000000014 75.500000000000014 1.0000000180025095e-35 10.500000000000002 14.000000000000002 1.0000000180025095e-35 1.5000000000000002
decision_type=2 10 2 2 2 8 2 2 10
left_child=1 4 8 7 -1 6 -5 -3 -2
right_child=2 3 -4 5 -6 -7 -8 -9 -10
leaf_value=-0 -0 -0 0 0.038154379711789706 0.024634084144606456 -0 -0 -0.032551418134914065 -0.053418187703437758
leaf_weight=1.9243894852697863 0.47347828745841969 1.150636434555053 0.69723632559180249 1.2919736281037324 7.3526912722736597 0.30228006839752208 0.21077193506062039 1.9517390653491018 1.5409720642492173
leaf_count=17 4 7 5 11 64 4 4 18 19
internal_value=0 0.0628787 -0.259817 -0.0420549 0.1864 0 0.187964 -0.249707 -0.472434
internal_weight=0 14.1845 2.71169 4.9074 9.27708 1.80503 1.50275 3.10238 2.01445
internal_count=153 125 28 44 81 19 15 25 23
shrinkage=0.0984825


Tree=49
num_leaves=16
num_cat=0
split_feature=2 9 3 8 9 3 3 3 3 9 3 9 9 9 9
split_gain=0.445053 0.604679 0.542026 0.478805 0.383159 0.567495 0.205692 0.168432 0.105118 0.0822719 0.0655223 0.0620077 0.0319215 0.00865549 0.00268065
threshold=2.5000000000000004 23.540214608285403 684.50000000000011 1.0000000180025095e-35 20.319431338894351 763.00000000000011 595.00000000000011 500.00000000000006 961.50000000000011 26.361391938765802 451.50000000000006 29.454764128804651 25.378591521542102 24.570973360842256 19.651793035751556
decision_type=10 10 8 10 8 10 10 10 10 10 8 10 10 10 10
left_child=1 4 11 6 7 -6 10 14 9 -4 -2 12 13 -3 -1
right_child=3 2 8 -5 5 -7 -8 -9 -10 -11 -12 -13 -14 -15 -16
leaf_value=0 -0 0.0078807811610856031 0 0 -0.058785569196953172 0 0 -0 0.027977434555446164 -0.032873184997693865 -0.080895341400809478 0 0.067716300665456183 -0 0.052865357959349511
leaf_weight=0.58356292918324715 0.66429897770285573 1.3445737753063416 0.98173286020755923 0.68299715034663677 2.4836415816098456 0.9971087872982024 0.48593993112444872 0.23711645603179921 0.64614196121692646 1.1509832441806791 1.3258755225688219 0.53003977611660957 3.220662746578455 0.95323405787348725 0.7541128732264043
leaf_count=5 8 13 7 7 31 6 4 6 4 6 15 6 22 9 4
internal_value=0 0.147646 0.319383 -0.230086 -0.0278631 -0.306505 -0.507834 0.187571 -0 -0.151871 -0.649022 0.48751 0.521062 0.00897149 0.404758
internal_weight=0 13.8829 8.82737 3.15911 5.05554 3.48075 2.47611 1.57479 2.77886 2.13272 1.99017 6.04851 5.51847 2.29781 1.33768
internal_count=153 119 67 34 52 37 27 15 17 13 23 50 44 22 9
shrinkage=0.0984825


Tree=50
num_leaves=15
num_cat=0
split_feature=1 2 3 6 1 6 3 1 0 1 3 6 1 3
split_gain=0.447988 0.300818 0.149642 0.240527 0.251998 0.263945 0.190586 0.148709 0.0995219 0.366878 0.0970268 0.0767974 0.035504 0.190311
threshold=290.50000000000006 1.5000000000000002 961.50000000000011 77.500000000000014 364.50000000000006 76.500000000000014 1101.5000000000002 545.00000000000011 1.0000000180025095e-35 617.50000000000011 485.00000000000006 78.500000000000014 341.50000000000006 500.00000000000006
decision_type=8 8 10 2 10 2 8 10 8 8 10 2 10 8
left_child=-1 11 3 4 12 7 -4 10 9 -5 -6 -2 13 -3
right_child=1 2 6 8 5 -7 -8 -9 -10 -11 -12 -13 -14 -15
leaf_value=-0.059080261805205966 0.051548365463427358 0.055575332443948348 0.052232190680479386 -0.05899685320235059 -0 0 -0 -0 -0 0 -0.06738431808346601 0 0 -0
leaf_weight=1.2436357885599161 1.2900931909680338 1.1131741032004345 0.74883517622947748 2.3054599491879348 0.76343776285648479 0.91192556917667356 0.61294150352478038 0.93199373781681039 1.3778154477477071 1.0229703709483144 1.2908617686480282 0.61497271060943592 1.3997339643537996 1.1020577102899549
leaf_count=18 9 7 4 37 6 8 4 5 9 7 20 4 9 6
internal_value=0 0 -0.0322675 -0.104374 0 -0.168501 0.147223 -0.352532 -0.280833 -0.37515 -0.500805 0.384237 0.196007 0.279409
internal_weight=0 15.4863 13.5812 12.2194 7.51318 3.89822 1.36178 2.98629 4.70625 3.32843 2.0543 1.90507 3.61497 2.21523
internal_count=153 135 122 114 61 39 8 31 53 44 26 13 22 13
shrinkage=0.0984825


Tree=51
num_leaves=12
num_cat=0
split_feature=5 1 1 11 2 1 1 11 1 1 11
split_gain=0.198906 0.346914 0.424594 0.239228 0.162382 0.339806 0.896545 0.0901307 0.0431749 0.00907682 0.00458934
threshold=3.5000000000000004 405.50000000000006 769.50000000000011 22.000000000000004 1.5000000000000002 405.50000000000006 545.00000000000011 18.000000000000004 357.50000000000006 696.50000000000011 10.000000000000002
decision_type=10 8 10 2 10 8 10 2 10 10 2
left_child=1 -1 3 -3 10 7 -7 8 -6 -8 -2
right_child=4 2 -4 -5 5 6 9 -9 -10 -11 -12
leaf_value=-0 0.0059999711923514904 0.063026433169823065 -0 -0 0 -0.082623443187906709 0.0071264464904645221 -0.028601327518583651 0.023332188714685485 -0 -0
leaf_weight=0.8378461860120322 1.1999955177307118 2.7503628768026838 0.70323607325553883 0.46345705538988097 3.6488326974213097 2.0477558551356205 1.6969915181398394 0.80355498939752579 1.0762951187789438 0.50452587008476246 0.69595529884099949
leaf_count=8 9 16 4 4 29 38 12 14 8 5 6
internal_value=0 0.165132 0.347557 0.526845 -0.0763447 -0.153296 -0.364833 0 0.0636364 0 0
internal_weight=0 4.7549 3.91706 3.21382 11.6739 9.77796 4.24927 5.52868 4.72513 2.20152 1.89595
internal_count=153 32 24 20 121 106 55 51 37 17 15
shrinkage=0.0984825


Tree=52
num_leaves=14
num_cat=0
split_feature=1 3 1 1 1 1 1 4 4 3 4 1 4
split_gain=0.405834 0.231138 0.244489 0.109463 0.134647 0.0751687 0.21972 0.183789 0.0794813 0.0528858 0.142066 0.00825572 0.000387276
threshold=525.00000000000011 505.50000000000006 364.50000000000006 696.50000000000011 617.50000000000011 290.50000000000006 237.00000000000003 93.200000000000017 89.950000000000017 480.50000000000006 88.300000000000026 559.00000000000011 76.350000000000009
decision_type=10 10 10 10 10 10 10 2 2 10 2 10 2
left_child=1 5 -3 4 11 6 12 8 9 -7 -11 -2 -1
right_child=3 2 -4 -5 -6 7 -8 -9 -10 10 -12 -13 -14
leaf_value=-0 0.010224726866636913 0 -0.054222011416709445 -0 0.06679407877698533 -0 -0.050716444879993973 0.035858670819188095 -0.030186201009448445 -0 0.049785756889669561 -0 0.0020982467948379678
leaf_weight=1.1663475260138496 0.72945829108357585 1.0373859815299504 2.1866592168807983 1.0669232010841367 0.94547094404697407 1.5704699829220774 1.0652660429477689 1.3703033775091169 0.80955471843481053 1.0671151578426359 0.72640560567378976 1.4411122463643549 0.81671365350484837
leaf_count=8 5 9 46 8 5 10 15 8 11 6 4 12 6
internal_value=0 -0.129335 -0.362905 0.221796 0.317121 -0 -0.153259 0.0220501 -0 0 0.17 0 0
internal_weight=0 11.8162 3.22405 4.18296 3.11604 8.59218 3.04833 5.54385 4.17355 3.36399 1.79352 2.17057 1.98306
internal_count=153 123 55 30 22 68 29 39 31 20 10 17 14
shrinkage=0.0984825


Tree=53
num_leaves=15
num_cat=0
split_feature=5 6 3 3 3 6 3 6 6 6 1 6 6 1
split_gain=0.351165 0.336895 0.402251 0.218716 0.592335 0.324909 0.276064 0.339173 0.227288 0.102328 0.014107 0.0837571 0.180804 0.0168983
threshold=3.5000000000000004 83.500000000000014 477.00000000000006 500.00000000000006 564.50000000000011 73.500000000000014 455.50000000000006 78.500000000000014 74.500000000000014 74.500000000000014 559.00000000000011 74.500000000000014 76.500000000000014 862.50000000000011
decision_type=10 2 8 8 10 2 10 2 2 2 10 2 2 10
left_child=1 2 -1 6 5 -5 9 8 -8 -2 11 -6 -13 -12
right_child=3 -3 -4 4 10 -7 7 -9 -10 -11 13 12 -14 -15
leaf_value=-0 0 -0 0.06290490411567555 0 -0 -0.068042909392202533 0 -0 0.066216204370217621 -0.033775305784313002 -0.0091419260751538431 0.051978081798961649 -0 0
leaf_weight=0.89126132056117346 0.97297885455190847 0.90352283045649517 2.6289528571069241 0.56114428117871407 0.20537931285798583 2.3304024152457714 0.7727568596601494 0.33597709983587254 1.8579397611320017 0.8390918504446746 1.9246032573282719 0.96394202858209599 0.3897167332470417 0.49632155895233138
leaf_count=7 9 7 17 6 4 32 5 6 12 12 15 6 11 4
internal_value=0 0.279452 0.438924 -0.0268198 -0.175429 -0.524318 0.0549269 0.310719 0.485671 -0.0187733 0 0.0940313 0.265332 -0
internal_weight=0 4.42374 3.52021 11.6503 6.87151 2.89155 4.77874 2.96667 2.6307 1.81207 3.97996 1.55904 1.35366 2.42092
internal_count=153 31 24 122 78 38 44 23 17 21 40 21 17 19
shrinkage=0.0984825


Tree=54
num_leaves=11
num_cat=0
split_feature=5 7 4 2 3 3 3 3 4 4
split_gain=0.636713 0.438443 0.196642 0.225382 0.106798 0.207769 0.00301042 0.0530383 4.37472e-07 0.000103981
threshold=6.5000000000000009 1.0000000180025095e-35 76.350000000000009 2.5000000000000004 500.00000000000006 467.00000000000006 473.50000000000006 595.00000000000011 71.65000000000002 62.750000000000007
decision_type=10 2 2 10 10 8 10 10 2 2
left_child=2 4 8 -4 5 -2 -3 -8 9 -1
right_child=1 6 3 -5 -6 -7 7 -9 -10 -11
leaf_value=-0 -0.044696211934061064 0.0051975784970183687 0.04031869825048106 -0 -0.071070750541967015 0.0081426809650617469 -0.015684689683279452 0 -8.6304096401338415e-05 0.0011868782319635789
leaf_weight=0.84320537745952451 0.94676156714558701 1.0443562846630809 4.8245698846876621 1.1449143355712292 1.4790133554488418 0.73167344927787792 2.0545716192573313 1.5722769536077974 0.53320967406034459 0.67947662062942971
leaf_count=5 11 10 41 11 20 6 24 13 6 6
internal_value=0 -0.176131 0.220712 0.313257 -0.462244 -0 0 -0 -0 0
internal_weight=0 7.82865 8.02538 5.96948 3.15745 1.67844 4.6712 3.62685 2.05589 1.52268
internal_count=153 84 69 52 37 17 47 37 17 11
shrinkage=0.0984825


Tree=55
num_leaves=13
num_cat=0
split_feature=2 3 1 6 6 3 1 6 2 3 1 3
split_gain=0.29198 0.498507 0.204789 0.291095 0.337787 0.180845 0.158803 0.154302 0.146235 0.174276 0.0422973 0.015611
threshold=2.5000000000000004 473.50000000000006 303.50000000000006 80.500000000000014 76.500000000000014 777.00000000000011 405.50000000000006 74.500000000000014 1.5000000000000002 734.00000000000011 525.00000000000011 475.50000000000006
decision_type=10 10 10 2 2 10 10 2 10 10 10 10
left_child=2 -2 7 4 6 -6 11 -1 -8 -10 -5 -4
right_child=1 -3 3 10 5 -7 8 -9 9 -11 -12 -13
leaf_value=0 0 -0.076855428358034078 0 -0.023526197311783889 0.060112611761457102 -0 0 -0.03569319504195359 -0.056395457385240884 0 0 0.025681342516069763
leaf_weight=0.89204123057425311 1.5657780617475503 1.2554026842117307 0.98534557968377923 0.71217121277004425 2.5273928176611666 0.55932829529047001 0.52793820202350628 1.6158479657024143 1.0309898070991037 0.74409551918506622 1.6802270151674745 2.0942837819457054
leaf_count=7 14 19 6 11 21 4 4 17 17 4 15 14
internal_value=0 -0.3176 0.016975 0.11571 0.226557 0.497941 0 -0.157028 -0.112335 -0.311483 -0.0132057 0.203687
internal_weight=0 2.82118 13.3697 10.8618 8.46937 3.08672 5.38265 2.50789 2.30302 1.77509 2.3924 3.07963
internal_count=153 33 120 96 70 25 45 24 25 21 26 20
shrinkage=0.0984825


Tree=56
num_leaves=12
num_cat=0
split_feature=2 5 1 5 8 8 1 11 1 1 5
split_gain=0.595052 0.448118 0.660545 0.35449 0.737804 0.153691 0.130446 0.06528 0.0122629 0.00224825 0.000506896
threshold=2.5000000000000004 7.5000000000000009 303.50000000000006 8.5000000000000018 1.0000000180025095e-35 1.0000000180025095e-35 357.50000000000006 14.000000000000002 301.00000000000006 407.50000000000006 10.500000000000002
decision_type=8 10 10 10 8 8 10 2 10 10 8
left_child=1 2 -1 4 -2 -4 7 8 -3 -8 -5
right_child=3 6 5 10 -6 -7 9 -9 -10 -11 -12
leaf_value=-0 -0.083417011245830786 0 0.056870346873046568 0.002005984357488852 0 0 -0 -0 0.023884494781248662 -0.037191522771950009 -0
leaf_weight=1.4026816301047782 1.6773605467751638 0.62659308314323547 5.3747175559401512 1.1853125039488073 0.58768300432711829 0.97856717649847236 0.46584788337349864 0.24471045285463319 1.3805177211761472 0.85332276113331329 0.28653099015355121
leaf_count=12 23 6 45 13 5 11 6 4 8 16 4
internal_value=0 0.218415 0.356474 -0.190732 -0.462245 0.508277 -0 0.0503466 0.186501 -0.30323 0
internal_weight=0 11.327 7.75597 3.73689 2.26504 6.35328 3.57099 2.25182 2.00711 1.31917 1.47184
internal_count=153 108 68 45 28 56 40 18 14 22 17
shrinkage=0.0984825


Tree=57
num_leaves=17
num_cat=0
split_feature=1 4 7 6 7 4 1 1 11 4 6 7 6 6 1 11
split_gain=0.160192 0.277011 0.843871 0.245222 0.240866 0.180223 0.31843 0.240003 0.10615 0.225058 0.0962901 0.0898618 0.0446031 0.0429844 0.0236359 0.00552937
threshold=290.50000000000006 88.300000000000026 1.0000000180025095e-35 79.500000000000014 1.0000000180025095e-35 76.800000000000026 341.50000000000006 617.50000000000011 18.000000000000004 96.200000000000017 73.500000000000014 1.0000000180025095e-35 79.500000000000014 76.500000000000014 255.50000000000003 22.000000000000004
decision_type=10 2 2 2 2 2 10 10 2 2 2 2 2 2 10 2
left_child=4 5 12 8 14 7 -7 -2 9 -4 -6 -8 13 -3 -1 -13
right_child=1 2 3 -5 10 6 11 -9 -10 -11 -12 15 -14 -15 -16 -17
leaf_value=0.018534665506393336 -0 -0 0.080021234625973228 -0 0 0 -0 0.044164764671232759 0 0 -0.050392739922853973 -0.064056833573005123 0 -0.035879545158377144 -0 -0
leaf_weight=0.63086115941405418 0.70292938686907147 0.69904578104615189 2.6661116331815724 0.44160428270697583 0.39783929660916317 0.83671663887798831 1.6379129104316235 1.377484083175659 0.81838834099471547 0.72434475272893883 1.4710478596389291 1.2628584895282982 0.36670359410345538 0.74599044024944305 0.36695491522550577 0.2494285656139256
leaf_count=5 9 8 16 7 4 5 18 8 12 4 18 16 6 7 5 5
internal_value=0 0.0906436 0.241895 0.507652 -0.140793 -0 -0.183769 0.144745 0.585049 0.674536 -0.395753 -0.377578 -0.0938134 -0.202698 0 -0.592759
internal_weight=0 12.5295 6.46219 4.65045 2.8667 6.06733 3.98692 2.08041 4.20884 3.39046 1.86889 3.1502 1.81174 1.44504 0.997816 1.51229
internal_count=153 121 60 39 32 61 44 17 32 20 22 39 21 15 10 21
shrinkage=0.0984825


end of trees

feature importances:
Simple_reaction_time_Ex5=164
Choice_reaction_time_Ex5=162
BMIX4=133
CASIX4=114
Olfaction_complete_Ex5_Ex4=61
ECGage=60
Coffee_oz_Ex1=47
new_BM_frequency=36
new_smoke=7
TBI_LOC=7
Sleepy_complete=4
HYPBP1=4

parameters:
[boosting: gbdt]
[objective: binary]
[metric: auc]
[tree_learner: serial]
[device_type: cpu]
[data: ]
[valid: ]
[num_iterations: 100]
[learning_rate: 0.0984825]
[num_leaves: 25]
[num_threads: 4]
[max_depth: 39]
[min_data_in_leaf: 4]
[min_sum_hessian_in_leaf: 0.001]
[bagging_fraction: 0.827927]
[pos_bagging_fraction: 1]
[neg_bagging_fraction: 1]
[bagging_freq: 1]
[bagging_seed: 3]
[feature_fraction: 0.45368]
[feature_fraction_bynode: 1]
[feature_fraction_seed: 2]
[early_stopping_round: 0]
[first_metric_only: 0]
[max_delta_step: 0]
[lambda_l1: 0.633939]
[lambda_l2: 0.0364375]
[min_gain_to_split: 0]
[drop_rate: 0.1]
[max_drop: 50]
[skip_drop: 0.5]
[xgboost_dart_mode: 0]
[uniform_drop: 0]
[drop_seed: 4]
[top_rate: 0.2]
[other_rate: 0.1]
[min_data_per_group: 100]
[max_cat_threshold: 32]
[cat_l2: 10]
[cat_smooth: 10]
[max_cat_to_onehot: 4]
[top_k: 20]
[monotone_constraints: ]
[feature_contri: ]
[forcedsplits_filename: ]
[forcedbins_filename: ]
[refit_decay_rate: 0.9]
[cegb_tradeoff: 1]
[cegb_penalty_split: 0]
[cegb_penalty_feature_lazy: ]
[cegb_penalty_feature_coupled: ]
[verbosity: 1]
[max_bin: 122]
[max_bin_by_feature: ]
[min_data_in_bin: 3]
[bin_construct_sample_cnt: 200000]
[histogram_pool_size: -1]
[data_random_seed: 1]
[output_model: LightGBM_model.txt]
[snapshot_freq: -1]
[input_model: ]
[output_result: LightGBM_predict_result.txt]
[initscore_filename: ]
[valid_data_initscores: ]
[pre_partition: 0]
[enable_bundle: 1]
[max_conflict_rate: 0]
[is_enable_sparse: 1]
[sparse_threshold: 0.8]
[use_missing: 1]
[zero_as_missing: 0]
[two_round: 0]
[save_binary: 0]
[header: 0]
[label_column: ]
[weight_column: ]
[group_column: ]
[ignore_column: ]
[categorical_feature: ]
[predict_raw_score: 0]
[predict_leaf_index: 0]
[predict_contrib: 0]
[num_iteration_predict: -1]
[pred_early_stop: 0]
[pred_early_stop_freq: 10]
[pred_early_stop_margin: 10]
[convert_model_language: ]
[convert_model: gbdt_prediction.cpp]
[num_class: 1]
[is_unbalance: 0]
[scale_pos_weight: 1]
[sigmoid: 1]
[boost_from_average: 1]
[reg_sqrt: 0]
[alpha: 0.9]
[fair_c: 1]
[poisson_max_delta_step: 0.7]
[tweedie_variance_power: 1.5]
[max_position: 20]
[lambdamart_norm: 1]
[label_gain: ]
[metric_freq: 1]
[is_provide_training_metric: 0]
[eval_at: ]
[multi_error_top_k: 1]
[num_machines: 1]
[local_listen_port: 12400]
[time_out: 120]
[machine_list_filename: ]
[machines: ]
[gpu_platform_id: -1]
[gpu_device_id: -1]
[gpu_use_dp: 0]

end of parameters

pandas_categorical:[]
