tree
version=v3
num_class=1
num_tree_per_iteration=1
label_index=0
max_feature_idx=11
objective=binary sigmoid:1
feature_names=Sleepy_complete Simple_reaction_time_Ex5 new_BM_frequency Choice_reaction_time_Ex5 CASIX4 Olfaction_complete_Ex5_Ex4 ECGage new_smoke TBI_LOC BMIX4 HYPBP1 Coffee_oz_Ex1
feature_infos=[0:1] [1:1002] [0:4] [1:1198] [2.5:99] [0:12] [72:90] [0:2] [0:1] [14.8542690108118:39.3445072771772] [0:1] [0:60]
tree_sizes=1524 1451 1379 1924 1755 1687 1932 1841 1459

Tree=0
num_leaves=14
num_cat=0
split_feature=5 3 3 3 3 6 5 1 5 1 1 5 1
split_gain=19.2483 9.34054 3.40947 5.25073 5.2505 2.91961 2.10025 1.17532 0.695225 0.433047 0.370124 0.354859 0.738351
threshold=1.5000000000000002 477.50000000000006 497.00000000000006 615.50000000000011 462.50000000000006 77.500000000000014 3.5000000000000004 350.50000000000006 8.5000000000000018 543.00000000000011 400.00000000000006 4.5000000000000009 739.50000000000011
decision_type=2 8 8 10 10 2 2 10 2 10 10 2 10
left_child=1 -1 4 6 7 10 -4 -2 9 -5 -6 -11 -13
right_child=2 -3 3 8 5 -7 -8 -9 -10 11 -12 12 -14
leaf_value=-0.98102396929049829 -1.0883663880935699 -0.70463490152042807 -0.98082925301172641 -0.98082925301172641 -0.81401580952802588 -0.98102396929049829 -1.0920930273451108 -0.98082925301172641 -1.0350618348651481 -0.98082925301172641 -0.98059697358969589 -0.8774833609397511 -0.98082925301172641
leaf_weight=1.1900826394557977 2.3801652789115928 3.1735537052154541 1.1900826394557977 0.99173553287982852 2.380165278911591 1.1900826394557951 10.909090861678122 1.3884297460317609 0.79338842630386341 1.3884297460317614 0.99173553287982918 1.7851239591836932 0.79338842630386341
leaf_count=6 12 16 6 5 12 6 55 7 4 7 5 9 4
internal_value=0 1.90135 -0.357234 -0.610002 0.108942 0.890161 -0.989025 -0.669608 0.0789445 0.309879 1.38768 0.477476 0.69623
internal_weight=0 4.36364 26.1818 17.8512 8.33058 4.56198 12.0992 3.7686 5.75207 4.95868 3.3719 3.96694 2.57851
internal_count=154 22 132 90 42 23 61 19 29 25 17 20 13
shrinkage=1


Tree=1
num_leaves=14
num_cat=0
split_feature=3 9 3 2 9 3 3 3 9 2 9 3 3
split_gain=10.2309 6.37732 4.28961 8.51479 6.32212 4.07681 3.05365 2.95654 5.88435 2.12619 0.896331 0.896503 0.807671
threshold=792.00000000000011 23.414290575969606 497.00000000000006 2.5000000000000004 26.423205103281656 474.50000000000006 583.50000000000011 483.50000000000006 22.735008651320403 1.5000000000000002 22.007394366436653 448.00000000000006 728.00000000000011
decision_type=8 8 10 10 8 10 10 10 10 8 10 8 10
left_child=2 -2 3 5 9 10 -6 -7 -9 -4 -1 -12 -11
right_child=1 -3 4 -5 6 7 -8 8 -10 12 11 -13 -14
leaf_value=-0.076265378948630017 -0 0.22374188583110172 0 -0.11348978072673785 -0.010555372363740958 0.23828053966090501 0.1634999139287471 0.19879847788661106 -0.08530249777812908 -0.11731122826839202 0.10196778096171273 -0 -0
leaf_weight=1.1505138874054011 2.1819694489240637 2.7615234851837158 1.1619198173284484 3.1330864578485489 1.3270111829042446 1.8888186514377592 1.4091622382402418 1.2477947473526003 1.2275262773036955 10.214219361543654 0.97194238007068612 1.0205530971288681 0.8024814426898963
leaf_count=6 11 13 6 16 7 9 7 6 6 53 5 5 4
internal_value=0 1.27255 -0.291483 0.146299 -0.645794 0.775286 0.584251 1.39885 0.343834 -0.974965 -0 0.301564 -1.11483
internal_weight=0 4.94349 25.555 10.6402 14.9148 7.50715 2.73617 4.36414 2.47532 12.1786 3.14301 1.9925 11.0167
internal_count=154 24 130 53 77 37 14 21 12 63 16 10 57
shrinkage=0.0984825


Tree=2
num_leaves=13
num_cat=0
split_feature=5 9 9 9 0 7 5 9 9 2 9 5
split_gain=14.3369 3.58386 3.51401 3.34535 1.76109 1.73172 1.84849 0.956936 1.82249 0.180727 0.122293 0.00890038
threshold=1.5000000000000002 22.961365561898955 25.426750263336306 27.673729074410407 1.0000000180025095e-35 1.0000000180025095e-35 8.5000000000000018 21.354001432033552 20.349729576229503 2.5000000000000004 24.046441235420655 9.5000000000000018
decision_type=2 8 10 10 10 2 2 10 10 8 10 2
left_child=1 -1 4 -4 5 7 -7 8 -2 -5 -9 -8
right_child=2 -3 3 9 -6 6 11 10 -10 -11 -12 -13
leaf_value=0 -0.012298189749711558 0.21265210876626076 0.081440092752273596 -0 0.035779558434470608 -0.1095805782991101 0 -0.078356315325525255 0.12544827277433462 -0.077228542511285816 -0 -0.0064974608186671558
leaf_weight=1.2366280108690286 1.3321548998355948 3.5906928330659866 5.0675096809864035 1.6375022381544115 1.3592336028814305 7.3286339044570923 1.365468353033066 1.2741903364658358 1.2275070548057554 1.1508774310350416 1.7469810545444486 2.0576313436031342
leaf_count=6 7 16 25 8 7 39 7 7 6 6 9 11
internal_value=0 1.65536 -0.211296 0.296615 -0.472734 -0.581693 -0.820921 -0.00561814 0.310152 -0.441014 -0.480991 -0.0078776
internal_weight=0 4.82732 25.5477 7.85589 17.6918 16.3326 10.7517 5.58083 2.55966 2.78838 3.02117 3.4231
internal_count=154 22 132 39 93 86 57 29 13 14 16 18
shrinkage=0.0984825


Tree=3
num_leaves=19
num_cat=0
split_feature=9 3 3 9 4 3 9 3 3 9 3 4 6 3 3 3 6 6
split_gain=2.91933 4.69502 8.45861 4.82531 4.49609 3.85593 3.17406 3.69314 3.3254 1.92156 1.48503 0.895448 1.49772 0.703642 0.697815 0.234834 0.0960487 0.091362
threshold=20.259265015144205 509.50000000000006 480.50000000000006 25.700192748485552 93.200000000000017 583.50000000000011 21.505506220447305 483.50000000000006 504.00000000000006 23.563582090289454 685.00000000000011 81.65000000000002 81.500000000000014 462.50000000000006 637.00000000000011 653.50000000000011 74.500000000000014 74.500000000000014
decision_type=8 10 8 10 2 10 10 8 8 10 10 2 2 10 10 10 2 2
left_child=14 2 4 11 -2 17 -4 -8 -9 -10 -7 12 15 -6 -1 -3 -13 -5
right_child=1 3 6 5 13 10 7 8 9 -11 -12 16 -14 -15 -16 -17 -18 -19
leaf_value=-0.10864818882245009 -0.1153951309372937 -0 0.23820343923641629 -0 0 0.19165318603691453 0.21568672329029762 -0.093359702208910794 -0 0.16407372839272258 0 -0.00019115465417085826 -0.091924358093474087 0.12508813905739061 -0 0.049598335161195321 -0.1142067155037045 -0.064449622501473292
leaf_weight=2.9449249207973511 3.1626005321741113 0.90005595982074627 2.0713257491588601 0.79444354772567649 1.3519255071878435 1.5351060777902605 1.1440728157758711 1.5693020671606066 0.91589224338531516 1.33404004573822 1.0749015659093855 1.2529634982347486 1.6696130633354185 0.85134734213352192 0.7587676942348478 1.2237619459629057 4.6191655695438385 0.95193235576152802
leaf_count=16 16 5 9 4 7 7 5 8 5 6 5 7 9 4 4 6 26 5
internal_value=0 0.0466386 0.514506 -0.322295 -0.340044 0.46324 1.25439 0.627588 0 0.907358 1.29915 -0.742096 -0.138515 0.570366 -0.885218 0.198129 -1.02146 -0.431491
internal_weight=0 26.4224 12.4005 14.0219 5.36587 4.35638 7.03463 4.96331 3.81923 2.24993 2.61001 9.66556 3.79343 2.20327 3.70369 2.12382 5.87213 1.74638
internal_count=154 134 60 74 27 21 33 24 19 11 12 53 20 11 20 11 33 9
shrinkage=0.0984825


Tree=4
num_leaves=17
num_cat=0
split_feature=5 11 3 11 3 3 3 3 3 10 3 3 3 3 5 3
split_gain=9.35622 7.02485 3.31896 2.73981 2.78126 4.0612 2.57452 1.31343 0.971922 0.650375 0.551428 0.341018 0.193678 0.155216 0.136761 0.075313
threshold=1.5000000000000002 18.000000000000004 477.50000000000006 10.000000000000002 462.50000000000006 509.50000000000006 615.50000000000011 492.50000000000006 653.50000000000011 1.0000000180025095e-35 685.00000000000011 415.00000000000006 792.00000000000011 448.00000000000006 9.5000000000000018 469.00000000000006
decision_type=2 2 8 2 10 8 10 10 10 2 10 8 8 10 2 8
left_child=1 2 -1 4 9 -6 14 11 -9 -2 -10 -5 -12 -13 -7 -15
right_child=3 -3 -4 7 5 6 -8 8 10 -11 12 13 -14 15 -16 -17
leaf_value=-0 0 -0.036760164555580579 0.21986497025733981 -0.058682008457686625 0.11283947835112376 -0.074316262228648941 0.067217226087672305 -0.11274446122429128 0.020151714267284498 -0.10111777732513998 -0.077180297944299064 0.034440810681340708 -0 -0.031985302273255634 -0 0
leaf_weight=0.76677931845188385 0.72426590323448481 1.4948195815086363 3.604718953371048 0.90305709838867043 3.8678395152091953 3.0929366946220407 2.0527421832084656 4.8006464838981628 0.80900479853153262 2.1828179806470871 1.1472806781530376 1.2936031967401507 0.7918028235435487 0.67754454910755124 0.90779435634613026 0.909204661846161
leaf_count=4 4 7 15 5 18 18 10 28 4 12 6 6 4 4 5 4
internal_value=0 1.16546 1.83418 -0.236028 0.0356277 0.333625 -0.0849538 -0.598443 -0.84257 -0.757551 -0.0788368 -0 -0.519589 0.0505363 -0.638375 -0
internal_weight=0 5.86632 4.3715 24.1605 12.8284 9.92131 6.05347 11.3321 7.54873 2.90708 2.74809 3.78341 1.93908 2.88035 4.00073 1.58675
internal_count=154 26 19 128 67 51 33 61 42 16 14 19 10 14 23 8
shrinkage=0.0984825


Tree=5
num_leaves=17
num_cat=0
split_feature=1 1 1 4 4 4 1 4 1 4 1 4 1 4 4 4
split_gain=8.13022 1.94535 2.66413 1.11088 1.0835 2.33742 0.753049 0.524647 0.703398 2.37668 0.352699 0.310119 0.0556323 0.017436 0.0217619 2.82827e-05
threshold=597.00000000000011 373.50000000000006 301.50000000000006 92.250000000000014 81.65000000000002 77.90000000000002 543.00000000000011 60.300000000000004 902.00000000000011 74.350000000000009 508.50000000000006 94.850000000000009 286.00000000000006 85.600000000000009 88.700000000000017 89.950000000000017
decision_type=8 10 8 2 2 2 10 2 8 2 8 2 10 2 2 2
left_child=1 2 12 13 5 -3 -7 -2 -9 -10 -6 -5 -1 -4 -15 -16
right_child=7 4 3 11 10 6 -8 8 9 -11 -12 -13 -14 14 15 -17
leaf_value=-0.096020842050086527 0 -0.092220769122469459 0.010146306769043047 0.11468326391945828 -0.082244629782955492 0.10581515943896047 -0 0.1638493277314623 0.16588878968550222 -0 -0 0 -0 -0.013141277521541064 0.00054996845043586197 -0
leaf_weight=1.9546851217746779 1.0585889071226109 1.7705327272415154 1.4051229953765867 1.6212482899427416 7.5333721786737415 1.268048480153084 0.80412116646766651 2.4987753331661224 0.95729008316993747 1.7566421478986738 0.77435205876827329 1.6056714951992033 1.0699714720249174 1.3056409209966662 0.87047122418880496 1.1922548115253446
leaf_count=11 5 10 7 8 43 6 4 11 4 9 4 8 6 7 4 7
internal_value=0 -0.285938 0 0.32077 -0.561563 -0 0.597555 0.994011 1.13458 0.401287 -0.768396 0.770591 -0.77471 0 -0.0250388 0
internal_weight=0 23.1755 11.0251 8.00041 12.1504 3.8427 2.07217 6.2713 5.21271 2.71393 8.30772 3.22692 3.02466 4.77349 3.36837 2.06273
internal_count=154 125 58 41 67 20 10 29 24 13 47 16 17 25 18 11
shrinkage=0.0984825


Tree=6
num_leaves=19
num_cat=0
split_feature=1 1 11 4 1 1 1 11 4 4 1 1 4 4 4 4 4 11
split_gain=3.39288 2.10037 1.9514 1.91954 1.91028 1.04697 1.18019 1.05209 0.841005 0.869666 0.672326 0.249275 0.0838939 0.282143 0.319474 0.0754129 1.14653 0.0622756
threshold=508.50000000000006 439.00000000000006 18.000000000000004 76.750000000000014 303.50000000000006 363.50000000000006 385.50000000000006 22.000000000000004 94.350000000000009 82.90000000000002 662.00000000000011 577.50000000000011 91.200000000000017 83.750000000000014 85.600000000000009 86.300000000000011 88.050000000000011 1.0000000180025095e-35
decision_type=8 8 2 2 10 10 10 2 2 2 10 10 2 2 2 2 2 2
left_child=1 4 3 10 17 7 -7 8 9 -6 -2 -4 13 -8 -15 -5 -17 -1
right_child=2 -3 11 15 5 6 12 -9 -10 -11 -12 -13 -14 14 -16 16 -18 -19
leaf_value=-0 -0.025952102518911453 -0.10511051932316406 0 0.14918203994492238 -0 -0.089143976521692481 0.019592754922198256 -0.041261454049481429 -0 0.087598524463002897 0.056898947241207053 -0.06127772101529444 0.031305998960154402 -0.068270203643951297 0 -0 0.12102820862784655 -0.09590644671108918
leaf_weight=1.0757909119129281 1.9246860891580566 3.2757903933525077 1.2781825810670855 2.2307162433862686 0.89299437403678705 1.8105348348617551 0.79760710895061515 0.7151774764060973 0.96160458028316476 4.1934018135070801 1.5697210580110548 0.92360009253025044 0.79354959726333596 1.1468347758054735 1.4425871372222898 0.98539596796035744 0.85259322822093953 2.2770332247018814
leaf_count=6 9 20 6 10 5 11 4 4 5 20 7 5 4 7 8 5 4 14
internal_value=0 -0.312469 0.400803 0.66922 -0.117623 0.01213 -0.235084 0.324441 0.518522 0.695343 0 -0.233861 0 -0.00262484 -0.308034 1.13872 0.323489 -0.793077
internal_weight=0 19.3829 9.7649 7.56311 16.1071 12.7543 5.99111 6.76318 6.048 5.0864 3.49441 2.20178 4.18058 3.38703 2.58942 4.06871 1.83799 3.35282
internal_count=154 108 46 35 88 68 34 34 30 25 16 11 23 19 15 19 9 20
shrinkage=0.0984825


Tree=7
num_leaves=18
num_cat=0
split_feature=2 9 7 9 9 9 9 2 9 9 9 9 9 9 2 9 9
split_gain=2.99887 2.22421 1.97003 1.04619 2.53884 0.869384 0.583864 0.371906 0.772825 0.478238 0.279573 0.26687 1.51179 0.206007 0.137396 0.0653106 0.660235
threshold=1.5000000000000002 23.307493044467652 1.0000000180025095e-35 21.354001432033552 20.349729576229503 26.552857798258504 27.673729074410407 2.5000000000000004 23.307493044467652 26.423205103281656 24.046441235420655 21.222957658243754 22.421416184449804 19.084603505672302 2.5000000000000004 25.081749929397102 24.279153822580351
decision_type=8 10 2 10 8 10 10 8 10 10 10 8 10 10 10 10 10
left_child=1 -1 3 4 -2 11 -7 8 -5 15 -9 13 -13 -4 -14 16 -10
right_child=2 -3 5 7 -6 6 -8 10 9 -11 -12 12 14 -15 -16 -17 -18
leaf_value=-0 -0 0.1507729910533151 -0 -0.058711944151771833 0.1489995846092684 0.07360573738964131 -0.019224049055933261 0 0.083811505628402422 -0 -0.071148340912898275 0.032426562243427486 -0.063247068218922009 -0.10242256175219218 -0 0.083760424234300662 -0.00070262696353852938
leaf_weight=0.95217345654964736 1.2145707607269298 1.9445400387048721 1.0456820726394629 0.95904947817325314 1.6031936705112455 0.9132645279169096 1.3638132661581037 0.70797285437584001 0.88463969528675157 1.6299363225698469 1.1778254210948942 1.8396850675344465 5.1160484999418259 2.7913931757211685 1.6307983994483946 1.3091219961643217 1.7791690081357954
leaf_count=5 7 9 6 6 7 4 7 4 4 8 7 9 29 17 9 6 10
internal_value=0 0.908116 -0.151115 0.121972 0.652267 -0.403188 0 -0 0.0518223 0.278289 -0.429252 -0.511901 -0.280677 -0.858162 -0.541322 0.477712 0.0507256
internal_weight=0 2.89671 25.9662 11.2655 2.81776 14.7007 2.27708 8.44771 6.56192 5.60287 1.8858 12.4236 8.58653 3.83708 6.74685 3.97293 2.66381
internal_count=154 14 140 59 14 81 11 45 34 28 11 70 47 23 38 20 14
shrinkage=0.0984825


Tree=8
num_leaves=14
num_cat=0
split_feature=2 1 1 3 3 1 1 1 1 1 3 3 1
split_gain=4.58857 2.76887 1.77367 2.15811 5.49794 1.98252 0.570467 0.2007 0.504832 0.124923 0.0786023 0.0628021 0.0188327
threshold=1.5000000000000002 355.50000000000006 597.00000000000011 497.00000000000006 474.50000000000006 739.50000000000011 334.50000000000006 523.50000000000011 558.50000000000011 770.00000000000011 462.50000000000006 483.50000000000006 332.50000000000006
decision_type=8 8 8 10 10 8 10 8 10 10 10 10 10
left_child=1 -1 3 4 10 -4 -6 12 -9 -7 -2 -8 -5
right_child=2 -3 5 7 6 9 11 8 -10 -11 -12 -13 -14
leaf_value=-0 -0.080624900532265245 0.1744443685256426 0.12617099623988712 -0 0 0.00063288694975829971 0.16963557872420038 0.0010904911296066686 -0.067156536910745634 -0.028701453209472452 -0 0.019925991038885246 -0.077938258468606816
leaf_weight=1.3895402848720579 3.6054621562361771 2.0344882607460022 1.3661828935146321 0.9742147028446162 1.5253032296895979 3.2054267078638077 1.2158926874399187 1.4819161146879207 1.0562459379434583 1.432779476046562 0.86796644330024708 1.2649092227220533 7.4612172320485115
leaf_count=7 22 9 6 6 7 15 5 7 6 7 4 6 47
internal_value=0 1.03805 -0.184477 -0.345138 0 0.230038 0.880718 -0.637868 -0.036652 -0 -0.723743 1.21338 -0.743006
internal_weight=0 3.42403 25.4575 19.4531 8.47953 6.00439 4.00611 10.9736 2.53816 4.63821 4.47343 2.4808 8.43543
internal_count=154 16 138 110 44 28 18 66 13 22 26 11 53
shrinkage=0.0984825


end of trees

feature importances:
Choice_reaction_time_Ex5=35
BMIX4=27
Simple_reaction_time_Ex5=26
CASIX4=19
Olfaction_complete_Ex5_Ex4=9
new_BM_frequency=7
Coffee_oz_Ex1=5
ECGage=4
new_smoke=2
Sleepy_complete=1
HYPBP1=1

parameters:
[boosting: gbdt]
[objective: binary]
[metric: auc]
[tree_learner: serial]
[device_type: cpu]
[data: ]
[valid: ]
[num_iterations: 100]
[learning_rate: 0.0984825]
[num_leaves: 25]
[num_threads: 4]
[max_depth: 39]
[min_data_in_leaf: 4]
[min_sum_hessian_in_leaf: 0.001]
[bagging_fraction: 0.827927]
[pos_bagging_fraction: 1]
[neg_bagging_fraction: 1]
[bagging_freq: 1]
[bagging_seed: 3]
[feature_fraction: 0.45368]
[feature_fraction_bynode: 1]
[feature_fraction_seed: 2]
[early_stopping_round: 0]
[first_metric_only: 0]
[max_delta_step: 0]
[lambda_l1: 0.633939]
[lambda_l2: 0.0364375]
[min_gain_to_split: 0]
[drop_rate: 0.1]
[max_drop: 50]
[skip_drop: 0.5]
[xgboost_dart_mode: 0]
[uniform_drop: 0]
[drop_seed: 4]
[top_rate: 0.2]
[other_rate: 0.1]
[min_data_per_group: 100]
[max_cat_threshold: 32]
[cat_l2: 10]
[cat_smooth: 10]
[max_cat_to_onehot: 4]
[top_k: 20]
[monotone_constraints: ]
[feature_contri: ]
[forcedsplits_filename: ]
[forcedbins_filename: ]
[refit_decay_rate: 0.9]
[cegb_tradeoff: 1]
[cegb_penalty_split: 0]
[cegb_penalty_feature_lazy: ]
[cegb_penalty_feature_coupled: ]
[verbosity: 1]
[max_bin: 122]
[max_bin_by_feature: ]
[min_data_in_bin: 3]
[bin_construct_sample_cnt: 200000]
[histogram_pool_size: -1]
[data_random_seed: 1]
[output_model: LightGBM_model.txt]
[snapshot_freq: -1]
[input_model: ]
[output_result: LightGBM_predict_result.txt]
[initscore_filename: ]
[valid_data_initscores: ]
[pre_partition: 0]
[enable_bundle: 1]
[max_conflict_rate: 0]
[is_enable_sparse: 1]
[sparse_threshold: 0.8]
[use_missing: 1]
[zero_as_missing: 0]
[two_round: 0]
[save_binary: 0]
[header: 0]
[label_column: ]
[weight_column: ]
[group_column: ]
[ignore_column: ]
[categorical_feature: ]
[predict_raw_score: 0]
[predict_leaf_index: 0]
[predict_contrib: 0]
[num_iteration_predict: -1]
[pred_early_stop: 0]
[pred_early_stop_freq: 10]
[pred_early_stop_margin: 10]
[convert_model_language: ]
[convert_model: gbdt_prediction.cpp]
[num_class: 1]
[is_unbalance: 0]
[scale_pos_weight: 1]
[sigmoid: 1]
[boost_from_average: 1]
[reg_sqrt: 0]
[alpha: 0.9]
[fair_c: 1]
[poisson_max_delta_step: 0.7]
[tweedie_variance_power: 1.5]
[max_position: 20]
[lambdamart_norm: 1]
[label_gain: ]
[metric_freq: 1]
[is_provide_training_metric: 0]
[eval_at: ]
[multi_error_top_k: 1]
[num_machines: 1]
[local_listen_port: 12400]
[time_out: 120]
[machine_list_filename: ]
[machines: ]
[gpu_platform_id: -1]
[gpu_device_id: -1]
[gpu_use_dp: 0]

end of parameters

pandas_categorical:[]
