tree
version=v3
num_class=1
num_tree_per_iteration=1
label_index=0
max_feature_idx=11
objective=binary sigmoid:1
feature_names=Sleepy_complete Simple_reaction_time_Ex5 new_BM_frequency Choice_reaction_time_Ex5 CASIX4 Olfaction_complete_Ex5_Ex4 ECGage new_smoke TBI_LOC BMIX4 HYPBP1 Coffee_oz_Ex1
feature_infos=[0:1] [1:1075] [0:4] [364:1329] [11.1:99] [0:12] [72:90] [0:2] [0:1] [14.6411231134028:39.3445072771772] [0:1] [0:60]
tree_sizes=1421 1735 1184 1853 1419 1737 1724 1668 1827 1686

Tree=0
num_leaves=13
num_cat=0
split_feature=3 3 1 6 1 3 5 6 3 1 1 1
split_gain=16.6308 6.19807 13.6324 12.6745 4.47145 2.54923 1.79897 1.75308 1.66432 1.10442 0.722277 0.153124
threshold=964.00000000000011 497.00000000000006 303.50000000000006 77.500000000000014 525.00000000000011 675.00000000000011 3.5000000000000004 76.500000000000014 1101.5000000000002 409.50000000000006 290.50000000000006 334.50000000000006
decision_type=8 10 8 2 10 10 10 2 10 10 10 10
left_child=1 2 10 9 6 -6 -3 -7 -2 -4 -1 -5
right_child=8 4 3 11 5 7 -8 -9 -10 -11 -12 -13
leaf_value=-1.1153856451376254 -0.76741959210234945 -1.000631880307906 -0.70151737216670251 -1.000631880307906 -0.89444291038584112 -0.96582024751816908 -1.111806649456315 -1.1016847434339765 -0.99850848252492908 -0.96582024751816908 -1.000631880307906 -1.0692508113651042
leaf_weight=3.3414267003536269 2.7517631649971004 1.3758815824985529 2.555208653211595 0.78621804714202859 1.7689906060695637 0.78621804714202914 11.203607171773909 1.9655451178550718 0.98277255892753601 0.7862180471420287 0.7862180471420287 0.98277255892753601
leaf_count=17 14 7 13 4 9 4 57 10 5 4 4 5
internal_value=0 -0.318015 0.294534 1.43327 -0.685848 0.0402146 -0.996388 -0.405101 1.92484 2.60406 -0.963291 -0.435031
internal_weight=0 26.3383 9.23806 5.11042 17.1002 4.52075 12.5795 2.75176 3.73454 3.34143 4.12764 1.76899
internal_count=153 134 47 26 87 23 64 14 19 17 21 9
shrinkage=1


Tree=1
num_leaves=17
num_cat=0
split_feature=2 0 9 9 3 3 3 9 9 9 9 9 3 9 9 3
split_gain=13.3251 8.50414 4.6976 2.50347 2.42508 1.88577 3.32869 2.34993 1.925 1.83608 0.984311 0.447998 0.165933 0.61697 0.0847371 0.00391375
threshold=1.5000000000000002 1.0000000180025095e-35 23.233631742928104 23.638957612801502 728.00000000000011 497.00000000000006 475.50000000000006 25.096800684052052 26.688290234052904 25.829876360507253 20.311745579689802 25.378591521542102 454.50000000000006 22.735008651320403 24.324413423661355 1101.5000000000002
decision_type=8 8 8 10 8 10 10 10 10 10 10 10 10 10 8 8
left_child=3 4 -3 -1 5 6 12 -7 11 -8 -6 -9 13 -2 -15 -12
right_child=1 2 -4 -5 10 7 9 8 -10 -11 15 -13 -14 14 -16 -17
leaf_value=0 -0.075182670242793626 -0 0.24208538285146458 0.25929009694856758 -0.051168447390843405 -0.11230808383606633 0.14469240205488412 -0 -0.070320368624493437 -0 0.072166585069521602 0.098624700867310539 -0.10001432534255947 0.031475051602033503 -0 0
leaf_weight=1.0056266039609938 1.1399476528167825 0.97376397252082769 1.6249422281980512 2.0437419563531876 0.7772611677646627 8.4777816087007505 1.4792034924030306 0.75533759593963501 2.6479616910219193 0.97393228113651265 1.5803380012512209 0.98199009895324707 1.9354443997144695 0.79314418137073472 1.0253740251064301 1.712420657277107
leaf_count=5 6 5 8 10 4 45 7 4 14 5 8 5 10 4 5 8
internal_value=0 -0.228792 1.42371 1.9651 -0.433599 -0.583661 -0.0765752 -0.823115 -0.0620458 0.759369 0.15574 0.568552 -0.626697 -0.151372 0 0.509508
internal_weight=0 26.8788 2.59871 3.04937 24.2801 20.2101 7.34705 12.8631 4.38529 2.45314 4.07002 1.73733 4.89391 2.95847 1.81852 3.29276
internal_count=153 138 13 15 125 105 37 68 23 12 20 9 25 15 9 16
shrinkage=0.0984825


Tree=2
num_leaves=11
num_cat=0
split_feature=5 2 9 5 2 2 9 0 9 9
split_gain=18.9212 12.9016 4.70749 2.02325 1.40951 0.605394 0.988155 0.443957 0.0779915 0.038629
threshold=4.5000000000000009 1.5000000000000002 23.530707336438955 2.5000000000000004 1.5000000000000002 2.5000000000000004 27.667418381959056 1.0000000180025095e-35 21.272876459660853 24.984921963085053
decision_type=10 8 8 8 10 10 8 10 10 10
left_child=2 9 3 8 -3 6 -4 -6 -1 -2
right_child=1 4 5 -5 7 -7 -8 -9 -10 -11
leaf_value=-0.048990884068606806 0.024129453034867597 0 0.25191146060801534 0.14901806385600724 -0.089614397086921233 0.037382540201660319 0.049158534446205618 -0 -0 0.23413479232856871
leaf_weight=0.75992558896541762 0.81538456678390747 1.1868845075368906 2.7947987169027337 0.79652069509029377 17.484814450144771 1.273742690682411 1.2191485762596128 0.79957585036754497 1.5595187991857526 1.1024090796709058
leaf_count=4 4 6 13 4 93 6 6 4 8 5
internal_value=0 -0.538032 1.22804 0.0307027 -0.80541 1.80951 2.09925 -0.876153 -0.224824 1.81666
internal_weight=0 21.3891 8.40366 3.11597 19.4713 5.28769 4.01395 18.2844 2.31944 1.91779
internal_count=153 112 41 16 103 25 19 97 12 9
shrinkage=0.0984825


Tree=3
num_leaves=18
num_cat=0
split_feature=3 9 4 3 6 4 9 9 9 9 9 9 9 3 3 9 4
split_gain=6.30835 5.27092 2.73719 3.52252 3.05128 2.98905 2.43251 2.36659 1.82631 1.47622 1.87532 0.712445 0.540771 0.776742 0.231765 0.0926059 0.0481982
threshold=768.00000000000011 23.337480115936053 92.200000000000017 497.00000000000006 77.500000000000014 81.750000000000014 26.434276811244054 25.829876360507253 23.638957612801502 25.096800684052052 26.688290234052904 22.283848741861554 19.561635805901755 646.50000000000011 686.50000000000011 21.272876459660853 73.350000000000009
decision_type=8 8 2 10 2 2 10 10 10 10 10 10 10 8 10 10 2
left_child=2 16 5 4 7 8 -3 15 11 -5 -11 -1 -7 -14 -15 -4 -2
right_child=1 6 3 9 -6 12 -8 -9 -10 10 -12 -13 13 14 -16 -17 -18
leaf_value=0 -0.054929898361567857 0.2258742988769738 0.02583375993248746 -0.097363575295895552 -0.038819518011762491 0 0.0083897444387969582 -0 0.11133455680711327 0.12578703242512859 -0.063009830352993332 -0.079930614231247712 -0.096242057361394559 0.010679324718816418 -0.051402280448055428 0.2388507798433466 -0
leaf_weight=1.142652422189723 0.79262755811214336 2.1130253225564961 0.80498436093330417 2.355322539806366 0.7133086472749709 0.7344573587179174 1.5002818703651426 0.77283665537834145 1.2795626521110532 0.84648026525974251 1.0260967612266538 1.2855951637029646 10.231811374425885 0.8484498858451851 0.77611535787582386 1.3307711184024809 0.7978465110063554
leaf_count=6 4 9 4 14 4 4 7 4 6 4 6 7 56 4 4 6 4
internal_value=0 0.854293 -0.341568 0.0755396 0.86005 -0.580985 1.56031 1.38397 0.061144 -0.44947 0 -0.253526 -0.819917 -0.87135 -0 1.91998 -0.359039
internal_weight=0 5.20378 24.1484 7.8498 3.6219 16.2986 3.61331 2.90859 3.70781 4.2279 1.87258 2.42825 12.5908 11.8564 1.62457 2.13576 1.59047
internal_count=153 24 129 42 18 87 16 14 19 24 10 13 68 64 8 10 8
shrinkage=0.0984825


Tree=4
num_leaves=13
num_cat=0
split_feature=5 3 11 3 11 3 3 3 11 5 3 3
split_gain=11.2139 5.04007 4.16888 4.1364 6.91042 2.9433 2.5239 1.43377 1.02013 0.0991752 0.0166083 0.167767
threshold=4.5000000000000009 497.00000000000006 6.0000000000000009 465.50000000000006 10.000000000000002 566.50000000000011 566.50000000000011 675.00000000000011 34.000000000000007 9.5000000000000018 502.50000000000006 460.50000000000006
decision_type=10 8 2 10 2 8 10 10 2 10 10 10
left_child=5 3 6 8 9 10 -3 -7 -2 -5 11 -1
right_child=1 2 -4 4 -6 7 -8 -9 -10 -11 -12 -13
leaf_value=0.00072627225558345363 -0.073909297579626054 -0.088534047716823036 -0.11811496633272887 0.24522460829051868 -0.071102802695562475 0.18513284524543031 0.064589579220575996 0.050871984624530506 0.002641387456505967 0.058381863200868959 0.010297002417514309 -0.045650331408925292
leaf_weight=0.88186392188072305 2.8870609104633362 1.7081297487020473 7.7854714393615723 1.5584017038345344 1.0897219479084013 3.4772315025329599 2.5534211695194244 3.1707973480224609 0.84154064953327168 1.1839503645896909 1.4827823042869566 0.74412277340888977
leaf_count=4 16 10 46 7 6 15 13 15 4 6 7 4
internal_value=0 -0.351552 -0.765591 0.225232 1.00338 0.953065 0 1.33082 -0.408109 1.9176 0 -0
internal_weight=0 19.6077 12.047 7.56068 3.83207 9.7568 4.26155 6.64803 3.7286 2.74235 3.10877 1.62599
internal_count=153 108 69 39 19 45 23 30 20 13 15 8
shrinkage=0.0984825


Tree=5
num_leaves=17
num_cat=0
split_feature=1 1 1 4 4 4 4 1 4 4 1 1 4 1 4 1
split_gain=5.17774 2.33324 4.39346 1.83273 1.23984 1.5125 0.875248 2.2515 1.41888 1.30643 0.815121 0.659406 0.600646 0.460564 0.410225 0.132246
threshold=511.50000000000006 373.50000000000006 290.50000000000006 95.250000000000014 91.200000000000017 84.550000000000011 85.850000000000009 342.00000000000006 89.65000000000002 92.200000000000017 546.50000000000011 729.00000000000011 81.750000000000014 414.50000000000006 93.200000000000017 880.50000000000011
decision_type=8 10 8 2 2 2 2 10 2 2 8 10 2 8 2 10
left_child=1 2 -1 12 5 11 -4 8 -8 -10 -7 -2 -3 -5 -9 -13
right_child=4 3 6 13 -6 10 7 14 9 -11 -12 15 -14 -15 -16 -17
leaf_value=-0.10075489743731413 0.086145229000945053 -0 -0 0.059784936472832235 0.1602623409136566 0.0060760389355826346 0.22172817466586933 -0.059812728957606608 -0 0.11010334769887438 -0.080270614485754246 -0 -0.099938586760386736 -0.020181005140014738 0.020371011047971174 0.030119975968176192
leaf_weight=2.5538869649171874 4.0847622305154783 1.7709780633449534 1.0566815137863166 1.1384666115045534 1.3356585055589665 0.92224480211734805 1.1294262856245043 0.98136828839778878 1.1320135891437533 1.2632456570863722 1.2832991033792494 1.0672604590654375 6.2793777734041214 0.62046244740486156 0.77669344842433941 1.377370700240135
leaf_count=15 18 9 6 6 6 5 5 6 6 6 7 5 38 4 4 7
internal_value=0 -0.304487 0 -0.64299 0.583435 0.345444 0.513656 0.693398 1.16207 0.361664 -0.170652 0.616305 -0.854397 0 -0 0
internal_weight=0 18.7026 8.89332 9.80928 10.0706 8.73494 6.33943 5.28275 3.52469 2.39526 2.20554 6.52939 8.05036 1.75893 1.75806 2.44463
internal_count=153 105 48 57 48 42 33 27 17 12 12 30 47 10 10 12
shrinkage=0.0984825


Tree=6
num_leaves=17
num_cat=0
split_feature=1 4 7 1 1 1 4 1 1 1 1 1 11 1 4 4
split_gain=5.9604 2.85706 1.72722 2.41705 1.27496 1.19637 1.23085 0.75179 1.20475 0.714351 1.48729 0.542941 0.41384 0.222075 0.193841 0.0427259
threshold=587.50000000000011 91.200000000000017 1.0000000180025095e-35 595.00000000000011 290.50000000000006 352.00000000000006 95.250000000000014 363.50000000000006 307.00000000000006 395.50000000000006 431.00000000000006 1021.0000000000001 10.000000000000002 334.50000000000006 74.90000000000002 94.450000000000017
decision_type=8 2 2 10 8 8 2 10 10 10 10 8 2 10 2 2
left_child=1 7 11 14 -3 15 12 8 -1 -8 -11 -2 -7 -10 -4 -6
right_child=2 4 3 -5 5 6 9 -9 13 10 -12 -13 -14 -15 -16 -17
leaf_value=-0.08351624730645997 0.17477359044777127 -0.076671744353819571 0 -0.083890475331501721 0.11231855791858555 -0 -0 -0.084421655218066646 -0 0.16645358535471941 -0 0.0075454121194463058 -0.079159648028820334 0.044045998122958591 0.11789778437702644 0
leaf_weight=1.7007644176483214 1.8332600593566888 1.3331080675125093 0.92347435653209764 1.1955332607030866 1.2615536749362939 1.5774864852428447 0.8728703856468204 8.1220679283142072 1.567948713898659 0.95882371068000771 0.83986577391624451 1.1883664876222608 1.5162081867456434 1.2063009291887281 1.1645102053880689 0.9956904649734496
leaf_count=11 8 8 4 6 6 9 5 48 8 4 5 5 10 6 5 5
internal_value=0 -0.334594 0.75655 0.0355179 0.0215654 0.2361 -0 -0.648585 -0.125524 0.486732 0.859568 1.32302 -0.433898 0.0971172 0.847895 0.847024
internal_weight=0 21.9527 6.30514 3.28352 9.35561 8.0225 5.76525 12.5971 4.47501 2.67156 1.79869 3.02163 3.09369 2.77425 2.08798 2.25724
internal_count=153 125 28 15 52 44 33 73 25 14 9 13 19 14 9 11
shrinkage=0.0984825


Tree=7
num_leaves=16
num_cat=0
split_feature=2 9 9 9 9 9 9 2 9 2 8 9 2 9 9
split_gain=4.39173 1.86327 1.21246 2.88413 0.947995 0.787095 0.599857 1.66122 1.00319 0.938362 0.522019 0.330777 0.131203 0.0947338 0.029308
threshold=1.5000000000000002 20.311745579689802 26.434276811244054 25.378591521542102 28.375879403792954 21.436058039520152 23.530707336438955 2.5000000000000004 24.221591106453051 2.5000000000000004 1.0000000180025095e-35 24.324413423661355 2.5000000000000004 29.527684346898454 24.570973360842256
decision_type=8 8 10 8 10 10 8 8 10 10 10 10 8 10 10
left_child=11 -2 3 5 -4 12 9 8 -8 10 -7 -1 -3 -6 -10
right_child=1 2 4 -5 13 6 7 -9 14 -11 -12 -13 -14 -15 -16
leaf_value=0 -0.095506337665395333 0.035162239910875415 -0.08028061639606246 0.080679179174599575 0.031814801608422129 -0.085094657127447709 0.10883868965011925 -0.083228090065717464 -0.019931552833402963 0 0 0.1479288404123692 -0 -0.0088187273722228586 0.0043109123821484371
leaf_weight=0.98472811281681361 2.3666416555643108 2.4416251927614279 3.025199979543685 4.246500924229621 0.77296514809131645 3.7141794264316532 1.2004342228174221 1.5789661258459089 0.60678793489933047 1.0806172639131544 0.65193144977092732 1.8799633234739301 0.74322023987770081 1.243518993258476 1.5090317130088804
leaf_count=5 15 13 17 20 4 22 6 10 4 6 4 8 4 7 8
internal_value=0 -0.125726 -0.00902206 0.0847181 -0.462555 -0.100709 -0.267018 -0 0.389063 -0.494319 -0.719353 1.1732 0.239449 0 -0
internal_weight=0 25.1816 22.815 17.7733 5.04168 13.5268 10.3419 4.89522 3.31625 5.44673 4.36611 2.86469 3.18485 2.01648 2.11582
internal_count=153 140 125 97 28 77 60 28 18 32 26 13 17 11 12
shrinkage=0.0984825


Tree=8
num_leaves=18
num_cat=0
split_feature=2 3 0 3 3 1 1 1 1 3 1 1 1 1 1 1 1
split_gain=6.13671 6.51858 1.74161 0.873057 0.675948 2.64667 0.882653 0.863632 0.835398 0.598276 0.393174 0.348588 0.320034 0.0928314 0.0719208 0.0130436 0.237131
threshold=1.5000000000000002 964.00000000000011 1.0000000180025095e-35 1101.5000000000002 511.50000000000006 334.50000000000006 546.50000000000011 352.00000000000006 359.50000000000006 483.50000000000006 409.50000000000006 565.00000000000011 546.50000000000011 379.50000000000006 435.00000000000006 587.50000000000011 729.00000000000011
decision_type=8 8 10 10 10 8 8 10 10 10 10 10 8 10 10 10 10
left_child=-1 2 4 -3 5 9 7 -6 -7 -2 13 -8 -4 -10 -12 -13 -17
right_child=1 3 12 -5 6 8 11 -9 10 -11 14 15 -14 -15 -16 16 -18
leaf_value=0.12732642916474887 -0.10312077636572806 0.11252122626009592 0.062526239265235636 -0 0 0.084690809511923051 0 -0.11029299894214259 -0 -0 0 -0.062673296580733215 -0 -0.059737730591930223 0.048751921840819452 0.0062500850338894085 -0.052980760870241013
leaf_weight=2.9667695760726955 3.1522963196039284 3.1504560261964794 1.0595972239971148 0.75674577057361581 0.69226688146590909 1.3214736431837089 1.0035015791654598 6.2867312058806419 0.72682110965251934 0.74804489314556111 0.69120073318481423 1.0099969953298571 0.8124319761991502 0.98056837916374207 0.71329893171787262 0.83934046328067746 0.7707245796918869
leaf_count=13 20 13 5 4 4 6 5 43 4 4 4 6 4 6 4 4 4
internal_value=0 -0.214556 -0.457914 0.912984 -0.561919 -0.224014 -0.766252 -1.00367 0.194339 -0.857967 -0 -0.130327 0.252598 -0.401685 0.278555 -0.393221 -0
internal_weight=0 24.7155 20.8083 3.9072 18.9363 8.3337 10.6026 6.979 4.43336 3.90034 3.11189 3.62356 1.87203 1.70739 1.4045 2.62006 1.61007
internal_count=153 140 123 17 114 48 66 47 24 24 18 19 9 10 8 14 8
shrinkage=0.0984825


Tree=9
num_leaves=16
num_cat=0
split_feature=1 2 4 3 1 4 1 4 3 1 7 3 4 3 4
split_gain=4.8445 4.18431 3.35825 1.61933 1.53705 1.70088 1.32331 1.00218 2.1984 0.93622 2.01586 1.09866 0.264739 0.241537 0.106175
threshold=587.50000000000011 1.5000000000000002 88.050000000000026 505.50000000000006 290.50000000000006 93.200000000000017 373.50000000000006 89.450000000000017 477.00000000000006 729.00000000000011 1.0000000180025095e-35 639.00000000000011 92.750000000000014 465.50000000000006 96.200000000000017
decision_type=8 10 2 10 8 2 10 2 10 10 2 10 2 10 2
left_child=1 2 -1 4 -3 7 -5 8 -6 11 -11 -2 -8 -9 -14
right_child=9 3 -4 6 5 -7 12 13 -10 10 -12 -13 14 -15 -16
leaf_value=-0.0076587461277441782 0.042625446143868977 -0.084166655377787808 0.15808166050071268 0 -0.054495075053106572 0.10641197156180988 -0.10680338738145463 -0 0.11021652819359458 0.090740331264653057 -0.07397182261754387 0.18247760386507628 0 -0.082422623246873508 -0.041862041926592881
leaf_weight=1.2311727777123516 3.5236614346504203 1.8423090055584914 2.1085827499628067 1.1918980479240397 0.94348983466625314 1.5608475208282468 4.7488812729716301 0.76619681715965293 1.6203822866082189 1.5862169712781906 1.0950493663549423 1.6969618052244184 1.3986259028315546 1.4879438430070875 0.83550584316253651
leaf_count=7 15 13 9 7 6 7 33 4 8 7 6 7 9 9 6
internal_value=0 -0.153197 0.802861 -0.387866 -0 0.160282 -0.70588 -0.0131208 0.260757 0.759838 0.00414798 1.02465 -0.878289 -0.600582 -0.150417
internal_weight=0 19.7358 3.33976 16.3961 8.22117 6.37886 8.17491 4.81801 2.56387 7.90189 2.68127 5.22062 6.98301 2.25414 2.23413
internal_count=153 118 16 102 47 34 55 27 14 35 13 22 48 13 15
shrinkage=0.0984825


end of trees

feature importances:
Simple_reaction_time_Ex5=38
BMIX4=32
Choice_reaction_time_Ex5=28
CASIX4=20
new_BM_frequency=10
Olfaction_complete_Ex5_Ex4=5
Coffee_oz_Ex1=4
Sleepy_complete=3
ECGage=3
new_smoke=2
TBI_LOC=1

parameters:
[boosting: gbdt]
[objective: binary]
[metric: auc]
[tree_learner: serial]
[device_type: cpu]
[data: ]
[valid: ]
[num_iterations: 100]
[learning_rate: 0.0984825]
[num_leaves: 25]
[num_threads: 4]
[max_depth: 39]
[min_data_in_leaf: 4]
[min_sum_hessian_in_leaf: 0.001]
[bagging_fraction: 0.827927]
[pos_bagging_fraction: 1]
[neg_bagging_fraction: 1]
[bagging_freq: 1]
[bagging_seed: 3]
[feature_fraction: 0.45368]
[feature_fraction_bynode: 1]
[feature_fraction_seed: 2]
[early_stopping_round: 0]
[first_metric_only: 0]
[max_delta_step: 0]
[lambda_l1: 0.633939]
[lambda_l2: 0.0364375]
[min_gain_to_split: 0]
[drop_rate: 0.1]
[max_drop: 50]
[skip_drop: 0.5]
[xgboost_dart_mode: 0]
[uniform_drop: 0]
[drop_seed: 4]
[top_rate: 0.2]
[other_rate: 0.1]
[min_data_per_group: 100]
[max_cat_threshold: 32]
[cat_l2: 10]
[cat_smooth: 10]
[max_cat_to_onehot: 4]
[top_k: 20]
[monotone_constraints: ]
[feature_contri: ]
[forcedsplits_filename: ]
[forcedbins_filename: ]
[refit_decay_rate: 0.9]
[cegb_tradeoff: 1]
[cegb_penalty_split: 0]
[cegb_penalty_feature_lazy: ]
[cegb_penalty_feature_coupled: ]
[verbosity: 1]
[max_bin: 122]
[max_bin_by_feature: ]
[min_data_in_bin: 3]
[bin_construct_sample_cnt: 200000]
[histogram_pool_size: -1]
[data_random_seed: 1]
[output_model: LightGBM_model.txt]
[snapshot_freq: -1]
[input_model: ]
[output_result: LightGBM_predict_result.txt]
[initscore_filename: ]
[valid_data_initscores: ]
[pre_partition: 0]
[enable_bundle: 1]
[max_conflict_rate: 0]
[is_enable_sparse: 1]
[sparse_threshold: 0.8]
[use_missing: 1]
[zero_as_missing: 0]
[two_round: 0]
[save_binary: 0]
[header: 0]
[label_column: ]
[weight_column: ]
[group_column: ]
[ignore_column: ]
[categorical_feature: ]
[predict_raw_score: 0]
[predict_leaf_index: 0]
[predict_contrib: 0]
[num_iteration_predict: -1]
[pred_early_stop: 0]
[pred_early_stop_freq: 10]
[pred_early_stop_margin: 10]
[convert_model_language: ]
[convert_model: gbdt_prediction.cpp]
[num_class: 1]
[is_unbalance: 0]
[scale_pos_weight: 1]
[sigmoid: 1]
[boost_from_average: 1]
[reg_sqrt: 0]
[alpha: 0.9]
[fair_c: 1]
[poisson_max_delta_step: 0.7]
[tweedie_variance_power: 1.5]
[max_position: 20]
[lambdamart_norm: 1]
[label_gain: ]
[metric_freq: 1]
[is_provide_training_metric: 0]
[eval_at: ]
[multi_error_top_k: 1]
[num_machines: 1]
[local_listen_port: 12400]
[time_out: 120]
[machine_list_filename: ]
[machines: ]
[gpu_platform_id: -1]
[gpu_device_id: -1]
[gpu_use_dp: 0]

end of parameters

pandas_categorical:[]
