tree
version=v3
num_class=1
num_tree_per_iteration=1
label_index=0
max_feature_idx=11
objective=binary sigmoid:1
feature_names=Sleepy_complete Simple_reaction_time_Ex5 new_BM_frequency Choice_reaction_time_Ex5 CASIX4 Olfaction_complete_Ex5_Ex4 ECGage new_smoke TBI_LOC BMIX4 HYPBP1 Coffee_oz_Ex1
feature_infos=[0:1] [226:1040] [0:4] [364:1329] [49.600000000000001:99] [0:12] [72:90] [0:2] [0:1] [14.8542690108118:39.3445072771772] [0:1] [0:60]
tree_sizes=1927 1400 1670 2031 1560 1918 1749 1851 1578 1882 1645 1456 1989 970 1194 1424 1715 1347 1776 753 1529 1903 1943 1802

Tree=0
num_leaves=18
num_cat=0
split_feature=1 6 6 5 5 1 3 5 3 8 3 8 1 3 1 3 3
split_gain=11.9846 5.26629 4.71749 3.92378 3.89845 2.90441 5.13678 4.02886 3.37258 2.31431 1.67162 0.979105 0.609104 0.424126 0.349428 1.50334 0.070322
threshold=587.50000000000011 80.500000000000014 78.500000000000014 4.5000000000000009 1.0000000180025095e-35 290.50000000000006 486.50000000000006 6.5000000000000009 472.50000000000006 1.0000000180025095e-35 531.50000000000011 1.0000000180025095e-35 770.00000000000011 501.50000000000006 331.50000000000006 445.00000000000006 807.50000000000011
decision_type=8 2 2 10 10 8 8 10 10 10 10 8 10 10 10 10 8
left_child=2 3 5 -2 -4 -1 8 10 14 13 -8 -6 -3 -9 -7 -16 -5
right_child=1 12 4 16 11 6 7 9 -10 -11 -12 -13 -14 -15 15 -17 -18
leaf_value=-1.0858738045949845 -0.72395606919564315 -0.94817458412291455 -0.94924483534912996 -0.94817458412291455 -1.1075748992028509 -0.98082925301172641 -0.98082925301172641 -0.98082925301172641 -0.74189391143670924 -0.94817458412291455 -0.84830839339673059 -0.98082925301172641 -1.0507226147347843 -1.0994154276165125 -0.98082925301172641 -0.82949606281756028 -0.98082925301172641
leaf_weight=2.1818181723356291 2.5785123854875556 0.7933884263038633 1.3884297460317601 0.79338842630386319 7.7355371564626667 0.99173553287982885 0.99173553287982963 0.99173553287982918 1.3884297460317609 0.79338842630386341 1.5867768526077268 0.7933884263038643 0.99173553287982941 3.9669421315193176 0.99173553287982907 0.79338842630386353 0.79338842630386364
leaf_count=11 13 4 7 4 39 5 5 5 7 4 8 4 5 20 5 4 4
internal_value=0 1.2 -0.372866 1.81801 -0.904422 -0 0.174289 -0.217593 1.10402 -0.738559 0.69623 -1.17839 -0 -1.03786 0.194746 0.500404 0.113505
internal_weight=0 5.95041 24.595 4.16529 9.91736 14.6777 12.4959 8.33058 4.16529 5.75207 2.57851 8.52893 1.78512 4.95868 2.77686 1.78512 1.58678
internal_count=154 30 124 21 50 74 63 42 21 29 13 43 9 25 14 9 8
shrinkage=1


Tree=1
num_leaves=13
num_cat=0
split_feature=2 0 3 3 3 2 3 3 9 9 3 3
split_gain=17.819 15.9914 3.1582 1.11987 1.06053 3.20676 1.60068 1.05303 0.900409 0.87697 0.162797 0.0486782
threshold=1.5000000000000002 1.0000000180025095e-35 762.00000000000011 776.50000000000011 492.50000000000006 2.5000000000000004 475.50000000000006 457.50000000000006 24.717458036849255 21.047713267711053 732.00000000000011 440.50000000000006
decision_type=8 2 8 10 10 8 10 10 8 10 10 10
left_child=9 2 4 -4 5 6 7 11 -5 -1 -6 -2
right_child=1 -3 3 8 10 -7 -8 -9 -10 -11 -12 -13
leaf_value=0.024761857998258141 -0 0.21805770746723699 0.091702692612557341 0.026879103558112776 -0.092490291550133705 -0.09440135409765886 0.093565792376656562 -0.085875817302243182 -0.079646332126512759 0.26803340076723065 -0 0.030974934683476819
leaf_weight=0.8170517086982757 0.76442396640778421 2.2771225422620764 1.4274026453495015 1.4099134504795077 11.191251754760739 4.0941377133131036 1.8368948251008985 1.3588830232620237 1.1754915267229078 2.2450573146343231 0.98722003400325842 0.7962908148765564
leaf_count=4 4 11 7 7 58 21 9 7 6 11 5 4
internal_value=0 -0.252369 -0.504828 0.192058 -0.668004 -0.284725 0.165889 -0.118663 -0 2.27782 -0.892972 0.145256
internal_weight=0 27.319 25.0419 4.01281 21.0291 8.85063 4.75649 2.9196 2.5854 3.06211 12.1785 1.56071
internal_count=154 139 128 20 108 45 24 15 13 15 63 8
shrinkage=0.0984825


Tree=2
num_leaves=16
num_cat=0
split_feature=2 5 0 5 7 9 9 9 9 9 9 9 9 9 9
split_gain=12.2196 10.2196 3.52144 1.96815 4.20296 4.19027 1.84768 1.54159 0.592153 0.201456 0.0295498 0.00703771 1.02541 0.199723 0.0628267
threshold=1.5000000000000002 1.5000000000000002 1.0000000180025095e-35 6.5000000000000009 1.0000000180025095e-35 25.648575656842603 28.163780009574307 22.927641225169804 18.245506553008806 24.392741263395653 21.047713267711053 23.638957612801502 24.796083049791452 24.570973360842256 24.195844767986753
decision_type=8 10 2 10 2 8 10 8 10 8 10 8 10 8 10
left_child=10 7 3 4 5 -3 -6 -2 -5 -4 -1 -10 13 14 -13
right_child=1 2 9 8 6 -7 -8 -9 11 -11 -12 12 -14 -15 -16
leaf_value=0.022195158729076361 0 0.15854567281067139 0.10599944479700389 0 -0.097728214068008343 -0.058309049300503048 0.0063418255368604881 0.20907065928417959 -0.10809235440013987 0 0.21309909406222918 0 -0.083366635826401761 0.04226559051253953 -0.038701595498628269
leaf_weight=0.82551464438438704 1.043232887983325 2.0731041282415448 0.89410784840583679 0.7371249496936787 4.606824517250061 0.9080946147441864 0.95828096568584453 1.7408700734376905 7.3687444627284977 1.1041325330734253 2.2468800842761993 0.7423343211412442 3.380314826965332 0.76070983707904805 0.71292853355407715
leaf_count=4 5 10 4 4 24 5 5 8 40 5 10 4 18 4 4
internal_value=0 -0.236545 -0.465669 -0.595799 -0.124997 0.730025 -0.697969 1.51437 -0.842194 0.656362 1.85565 -0.891656 -0.50262 0 -0.188316
internal_weight=0 27.0308 24.2467 22.2485 8.5463 2.9812 5.56511 2.7841 13.7022 1.99824 3.07239 12.965 5.59629 2.21597 1.45526
internal_count=154 140 127 118 44 15 29 13 74 9 14 70 30 12 8
shrinkage=0.0984825


Tree=3
num_leaves=20
num_cat=0
split_feature=9 3 9 9 3 6 6 3 3 3 6 4 9 3 3 4 4 6 4
split_gain=3.84979 3.89644 2.699 2.4014 2.43474 2.18768 1.61847 2.42296 1.93583 4.38276 4.0935 1.31438 1.255 1.1466 0.492869 0.980065 0.44976 0.411378 0.144374
threshold=24.392741263395653 531.50000000000011 27.673729074410407 25.735646841828352 486.50000000000006 79.500000000000014 76.500000000000014 645.50000000000011 445.00000000000006 486.50000000000006 74.500000000000014 82.450000000000017 21.490531511012652 776.50000000000011 671.50000000000011 86.950000000000017 78.000000000000014 73.500000000000014 91.700000000000017
decision_type=8 8 10 10 10 2 2 8 10 10 2 2 10 8 10 2 2 2 2
left_child=6 3 5 4 -2 -3 8 11 -1 10 -10 16 -11 -4 -9 -16 -8 -14 -5
right_child=1 2 13 18 -6 -7 7 14 9 12 -12 -13 17 -15 15 -17 -18 -19 -20
leaf_value=-0.09174238212414372 0.13311852431285556 0.18260400498791324 0.070865677691098361 -0.099070685713589374 -0.043726020647187822 0 -0.058164653561768719 0.059644683040960864 -0 0.024626133954208738 0.25084801970168219 -0.11562585165164832 -0 -0.074441577922946089 -0.083801600018024766 0.02244305787583848 0.03809799956174386 -0.095977903571785955 -0
leaf_weight=1.6726523786783278 1.5092139840126013 3.0419124513864526 1.0481466948986056 2.0321177095174794 0.73683722317218769 1.1891899257898328 0.90613293647765825 1.1709096729755413 0.90656368434429202 1.3957155197858808 1.3080819100141523 5.2827649563550949 0.76633417606353793 0.98744611442089081 1.3249747753143313 0.8168191760778426 0.77191928029060353 1.840484634041786 0.96810202300548542
leaf_count=9 7 14 5 11 4 6 5 6 5 7 6 30 4 5 7 4 4 10 5
internal_value=0 0.404473 0.95067 -0.130017 0.48718 1.40261 -0.329542 -0.590496 0 0.269046 1.43409 -0.927381 -0.225751 0 0 -0.151535 -0 -0.72027 -0.801132
internal_weight=0 11.513 6.2667 5.24627 2.24605 4.2311 18.1634 10.2735 7.88983 6.21718 2.21465 6.96082 4.00253 2.03559 3.3127 2.14179 1.67805 2.60682 3.00022
internal_count=154 57 30 27 11 20 97 56 41 32 11 39 21 10 17 11 9 14 16
shrinkage=0.0984825


Tree=4
num_leaves=15
num_cat=0
split_feature=3 5 3 5 11 3 3 3 5 5 3 3 5 5
split_gain=10.4216 3.87993 3.01899 2.16408 1.31316 0.544928 0.512486 0.78639 1.62254 0.651499 0.51827 0.416323 0.00168538 0.107858
threshold=792.00000000000011 7.5000000000000009 486.50000000000006 6.5000000000000009 10.000000000000002 469.00000000000006 440.50000000000006 477.50000000000006 4.5000000000000009 5.5000000000000009 507.00000000000006 855.00000000000011 5.5000000000000009 1.0000000180025095e-35
decision_type=8 10 10 10 2 10 8 10 10 10 10 10 10 10
left_child=1 4 5 11 12 -3 -6 9 -9 -8 -10 -2 13 -1
right_child=3 2 -4 -5 6 -7 7 8 10 -11 -12 -13 -14 -15
leaf_value=0.031887296924695226 0.20777515602784502 -0.024709684536457964 -0.10296327933047722 -0 -0.069969399859200379 0.050057281440452017 -0 0.043537700814891833 0 0.11867828213204816 -0.079238847933035386 0.038226175608759745 0.063828711786481571 -0
leaf_weight=1.2831123322248523 2.7554925978183737 1.5709584951400741 6.577043354511261 0.7774021178483963 1.0819789916276903 1.6811153292655943 0.76656025648117132 1.7127855867147443 0.68344767391681693 0.8537113517522813 2.9666958153247833 1.2500433176755903 3.5159919857978821 2.1601956486701965
leaf_count=6 12 9 38 4 6 8 4 8 4 4 16 6 18 11
internal_value=0 -0.153962 -0.65325 1.44339 0.131375 0 -0.0801643 0 -0.164 0.622104 -0.621916 1.73767 0.466287 0.093591
internal_weight=0 24.8536 9.82912 4.78294 15.0245 3.25207 8.06518 6.9832 5.36293 1.62027 3.65014 4.00554 6.9593 3.44331
internal_count=154 132 55 22 77 17 42 36 28 8 20 18 35 17
shrinkage=0.0984825


Tree=5
num_leaves=19
num_cat=0
split_feature=1 4 4 8 1 1 7 1 1 4 1 4 4 1 4 1 1 1
split_gain=12.8209 1.67734 0.929669 0.481275 0.449448 1.3298 0.36391 0.32593 1.82358 1.70068 1.19677 0.415445 0.25288 0.122863 0.0879752 0.063409 0.0629569 0.0225906
threshold=587.50000000000011 92.250000000000014 74.850000000000009 1.0000000180025095e-35 290.50000000000006 360.00000000000006 1.0000000180025095e-35 325.50000000000006 406.50000000000006 86.950000000000017 387.00000000000006 79.100000000000009 89.950000000000017 739.50000000000011 89.200000000000017 387.00000000000006 697.00000000000011 429.50000000000006
decision_type=8 2 2 10 10 10 2 8 10 2 8 2 2 10 2 10 10 8
left_child=1 3 16 7 -3 -6 -7 -1 9 10 -9 -10 14 -4 -11 -8 -2 -17
right_child=2 4 13 -5 5 6 15 8 11 12 -12 -13 -14 -15 -16 17 -18 -19
leaf_value=-0.10736608769002555 0.028733606206183662 -0.054909187003586289 0.1670628838166254 -0 0.1045921054441982 -0.058668377755329626 -0 0.14112934719445955 -0 -0.034166596282298602 -0 -0.087517067800126427 -0.075928194227656259 0.026257113637252517 0.0029482656014039256 0.032629650053228432 -0 0
leaf_weight=3.2960809767246309 1.1933729052543629 0.87777340412139793 3.3926202207803726 1.4900304526090629 1.2890512496232984 0.98149916529655479 0.91798588633537315 1.1021113544702525 1.7178109586238859 0.68778111040592216 0.78946331143379211 5.8810749500989914 1.3299698382616041 1.2701940536499021 0.86474430561065663 0.7711863964796063 0.7701960802078246 0.70865319669246685
leaf_count=19 5 5 15 8 6 6 5 5 9 4 4 33 8 6 4 4 4 4
internal_value=0 -0.414667 1.15898 -0.570047 0 0.187414 -0 -0.621632 -0.442888 0 0.769406 -0.746745 -0.437746 1.44688 -0 0.0330438 0.14445 0.208739
internal_weight=0 22.7052 6.62638 17.1591 5.54615 4.66838 3.37932 15.669 12.373 4.77407 1.89157 7.59889 2.8825 4.66281 1.55253 2.39783 1.96357 1.47984
internal_count=154 124 30 94 30 25 19 86 67 25 9 42 16 21 8 13 9 8
shrinkage=0.0984825


Tree=6
num_leaves=17
num_cat=0
split_feature=1 4 11 1 1 4 11 4 1 1 1 1 11 1 11 4
split_gain=5.78339 3.47517 1.47828 1.4884 0.867083 1.50709 0.635923 0.897082 0.604732 0.850492 0.276931 2.37507 0.59015 0.699695 0.176238 0.0501811
threshold=587.50000000000011 92.250000000000014 14.000000000000002 770.00000000000011 290.50000000000006 97.100000000000009 22.000000000000004 93.200000000000017 498.00000000000006 542.00000000000011 425.50000000000006 335.50000000000006 22.000000000000004 396.50000000000006 30.000000000000004 79.100000000000009
decision_type=8 2 2 10 10 2 2 2 10 10 10 8 2 10 2 2
left_child=1 8 3 -2 -3 6 7 -6 10 -10 11 -1 13 -13 -11 -4
right_child=2 4 15 -5 5 -7 -8 -9 9 14 -12 12 -14 -15 -16 -17
leaf_value=-0.078945897045425595 0.14475147376998998 -0.027344978751652028 -0.00019442643649615255 0 0 -0.0039237323084908423 -0 0.12919194686330684 0.052436431657976845 -0.073154807399733443 -0.094329086791204927 0.082783923476583379 -0.025959691082325868 -0 -0 0.020322482321568618
leaf_weight=5.4089293032884678 3.2643459588289252 0.65452618896961112 1.0673109889030459 1.233973830938339 0.7033472955226906 1.2438158541917799 0.7013658583164214 2.5668260008096695 1.1809785068035119 1.1988272964954374 4.4919711500406256 1.820295467972757 0.64591071009635925 0.90634493529796589 0.76241283118724812 1.1418942213058469
leaf_count=32 14 4 5 6 4 7 4 12 6 7 26 9 4 5 4 5
internal_value=0 -0.269344 0.785795 1.11547 0.326092 0.523973 0.857475 1.04093 -0.521042 -0 -0.617262 -0.367924 0.14282 0.470735 -0.502964 0
internal_weight=0 22.2856 6.70752 4.49832 5.86988 5.21536 3.97154 3.27017 16.4157 3.14222 13.2735 8.78148 3.37255 2.72664 1.96124 2.20921
internal_count=154 124 30 20 31 27 20 16 93 17 76 50 18 14 11 10
shrinkage=0.0984825


Tree=7
num_leaves=18
num_cat=0
split_feature=2 9 7 9 2 9 9 8 9 9 9 9 9 9 9 9 9
split_gain=9.73458 1.65145 2.14949 1.11046 0.977191 0.492884 0.948361 0.492738 0.986332 0.804312 0.426559 0.341648 0.154222 0.128989 0.124297 0.0935421 0.0768272
threshold=1.5000000000000002 23.517243843139404 1.0000000180025095e-35 29.365276038467652 3.5000000000000004 21.547673528562903 23.139875858086153 1.0000000180025095e-35 24.253298071060453 24.940712636221953 25.648575656842603 24.392741263395653 23.728631858810555 20.347627952858304 19.084603505672302 24.195844767986753 28.370175299053553
decision_type=8 8 2 10 8 10 8 10 10 10 10 10 8 10 10 8 8
left_child=-1 2 5 4 7 13 -7 8 12 11 -11 -10 -3 -2 -4 -14 -12
right_child=1 3 14 -5 -6 6 -8 -9 9 10 16 -13 15 -15 -16 -17 -18
leaf_value=0.15286457985093552 0 0 -0 -0.07243748079280464 -0.057868011795707545 -0.079090096741969346 0.018337702869262236 0.11981298078196097 0 0.06119177341432247 -0.0096187245956967302 -0.08357365840081675 0.11168004236328792 0.066787904945471654 -0.07971816024925929 0 0.024786169504144692
leaf_weight=3.739707529544833 1.2640080899000188 0.66471926867961373 0.86102929711341836 1.2794142365455616 0.88364422321319647 1.5257660150527956 0.82280774414539326 0.8309129774570474 0.70456027984619163 1.5208667069673536 2.5390399247407918 1.31230092048645 1.1535514593124392 1.1222532987594602 6.9439990222454071 0.98653852939605691 0.78857439756393422
leaf_count=16 7 4 5 8 5 10 4 4 4 7 13 7 5 6 40 5 4
internal_value=0 -0.163862 -0.427652 0.0479028 0.193517 0 -0.193145 0.321211 0.174687 -0 0.189096 -0.553758 0.671862 0.408313 -0.753283 0.812474 -0
internal_weight=0 25.204 12.5399 12.6641 11.3847 4.73484 2.34857 10.5011 9.67015 6.86534 4.84848 2.01686 2.80481 2.38626 7.80503 2.14009 3.32761
internal_count=154 138 72 66 58 27 14 53 49 35 24 11 14 13 45 10 17
shrinkage=0.0984825


Tree=8
num_leaves=16
num_cat=0
split_feature=2 3 3 1 2 2 1 1 3 8 1 3 1 3 3
split_gain=9.487 5.52708 2.2483 2.70215 2.97877 1.28971 1.11414 1.1778 0.986546 0.757664 0.474068 0.408701 0.452638 0.0184678 0.0684686
threshold=1.5000000000000002 752.00000000000011 492.50000000000006 345.50000000000006 2.5000000000000004 2.5000000000000004 628.00000000000011 770.00000000000011 472.50000000000006 1.0000000180025095e-35 290.50000000000006 732.00000000000011 333.50000000000006 457.50000000000006 472.50000000000006
decision_type=8 8 10 8 8 8 8 10 10 10 10 10 10 10 8
left_child=-1 2 3 10 8 6 -3 -8 -5 11 -2 12 -4 -12 -15
right_child=1 5 9 4 -6 -7 7 -9 -10 -11 13 -13 -14 14 -16
leaf_value=0.14705975774107446 -0.093959379859284903 -0 -0 0 -0.053361107664172701 -0 0.13540929485929834 -0 0.19401362789616863 0 0 -0 -0.10642273880348833 -0.034145404063468512 0
leaf_weight=3.3739186078310039 2.4026402384042784 1.3759876936674107 0.95655588060616992 1.0117347985506073 0.85987743735313404 1.5324111133813856 2.6282516121864323 0.750722676515579 1.1743027567863462 0.66556018590927202 0.6386370658874515 0.81446628272533483 8.3863125145435315 0.68675790727138486 1.2517713606357574
leaf_count=14 16 7 6 5 5 7 11 4 5 4 4 4 52 4 6
internal_value=0 -0.277466 -0.564085 -0.0710488 0.568657 0.479829 0.756995 1.06307 1.29243 -0.869854 -0.589992 -0.938283 -1.0002 -0 -0.0967003
internal_weight=0 25.136 18.8486 8.02572 3.04591 6.28737 4.75496 3.37897 2.18604 10.8229 4.97981 10.1573 9.34287 2.57717 1.93853
internal_count=154 140 111 45 15 29 22 15 10 66 30 62 58 14 10
shrinkage=0.0984825


Tree=9
num_leaves=18
num_cat=0
split_feature=2 1 2 1 1 3 4 3 3 3 3 4 4 3 1 1 1
split_gain=5.71948 5.63385 2.12782 1.69525 1.65993 0.660731 0.568458 1.78473 1.76668 1.02848 1.27385 0.762401 0.872367 0.286396 0.0371537 0.0288796 0.00342426
threshold=1.5000000000000002 587.50000000000011 2.5000000000000004 429.50000000000006 290.50000000000006 440.50000000000006 89.200000000000017 489.00000000000006 469.00000000000006 537.50000000000011 555.50000000000011 84.450000000000017 80.950000000000017 501.50000000000006 756.00000000000011 331.50000000000006 335.50000000000006
decision_type=8 8 8 8 8 10 2 10 10 10 10 2 2 10 8 8 10
left_child=5 3 -3 4 -2 -1 11 8 15 -9 -11 12 -6 -5 -4 -8 -10
right_child=1 2 14 13 6 -7 7 9 16 10 -12 -13 -14 -15 -16 -17 -18
leaf_value=0 -0.089253729636491447 0.10740420184879956 0 -0 -0.053557986012463393 0.14390384135363207 -0.019905631340578982 -0.081975176081602499 0.00060553620142903507 0.11554539761132865 -0.033970058171479724 -0.079725890037410777 0.071688867411726725 -0.091739775666553156 -0.017858695791279272 0.0046919638864713377 0.17290171755638656
leaf_weight=0.90685567259788802 2.1545056551694914 4.3518581241369239 0.87218233942985501 0.8694383278489104 0.86300048232078574 2.9506470412015915 0.61565148830413829 1.568021208047867 0.83741123974323295 0.83872979134321179 0.66743136942386627 1.456122390925884 1.1078671663999555 5.1981053650379181 1.0934117585420609 0.95009958744049083 1.1995966881513593
leaf_count=4 15 19 4 5 5 12 4 10 4 4 4 9 6 34 5 5 5
internal_value=0 -0.0800545 0.697541 -0.383488 -0.106628 1.2117 0.00401515 0.22926 0.748672 -0.177301 0.0972836 -0.249596 0 -0.835006 -0 -0 1.35493
internal_weight=0 24.6434 6.31745 18.326 12.2584 3.8575 10.1039 6.67694 3.60276 3.07418 1.50616 3.42699 1.97087 6.06754 1.96559 1.56575 2.03701
internal_count=154 138 28 110 71 16 56 36 18 18 8 20 11 39 9 9 9
shrinkage=0.0984825


Tree=10
num_leaves=16
num_cat=0
split_feature=2 6 2 9 9 6 9 9 9 6 9 8 9 9 9
split_gain=3.30767 2.23996 1.47077 0.923561 0.955158 0.557059 0.530357 3.1508 0.424376 0.41849 0.376432 0.289287 0.241576 0.141343 0.0781605
threshold=1.5000000000000002 79.500000000000014 2.5000000000000004 19.561635805901755 27.673729074410407 76.500000000000014 23.517243843139404 21.490531511012652 23.282076827849156 78.500000000000014 27.673729074410407 1.0000000180025095e-35 22.927641225169804 20.788761025516305 27.110289780077057
decision_type=8 2 8 10 8 2 10 10 10 2 10 10 8 10 10
left_child=8 2 3 -2 6 12 7 -5 -1 -9 11 -3 13 -4 -14
right_child=1 10 5 4 -6 -7 -8 9 -10 -11 -12 -13 14 -15 -16
leaf_value=0 -0.040099197837026992 -0.076427419839769972 0 0.10967806695598654 -0.0059044494808525071 -0.062535098139692047 0.073577940912438383 -0.08162862194443038 0.14070121325472357 0 0 -0 0.038416797339649249 -0.054069704478316445 -0
leaf_weight=0.9111427217721968 0.82064079493284836 4.8717310428619376 0.63747243583202295 1.9365052878856619 1.3557254225015647 2.5548910051584244 5.9128235280513763 1.6214712709188464 1.7248822599649427 0.67353656142950047 0.69455030560493458 0.73883454501628865 1.0959364771842954 0.92155005037784565 0.74696356058120705
leaf_count=4 6 31 4 9 9 17 29 11 7 4 4 4 5 6 4
internal_value=0 -0.0761683 0.0710862 0.29502 0.401207 -0.285288 0.525101 0.0626058 1.08925 -0.555917 -0.600957 -0.687189 -0 -0.303979 0.223826
internal_weight=0 24.5826 18.2775 12.3207 11.5001 5.95681 10.1443 4.23151 2.63602 2.29501 6.30512 5.61057 3.40192 1.55902 1.8429
internal_count=154 143 104 68 62 36 53 24 11 15 39 35 19 10 9
shrinkage=0.0984825


Tree=11
num_leaves=14
num_cat=0
split_feature=5 11 9 9 4 4 9 9 5 4 4 4 9
split_gain=5.11329 1.70979 1.57865 1.36787 0.757628 1.12846 0.888737 0.892369 1.0833 0.19685 0.147552 0.0572608 0.00579398
threshold=6.5000000000000009 18.000000000000004 24.324413423661355 29.365276038467652 81.950000000000017 91.200000000000017 23.282076827849156 28.163780009574307 9.5000000000000018 75.800000000000026 72.600000000000009 97.100000000000009 26.269092741045451
decision_type=10 2 10 8 2 2 10 10 10 2 2 2 8
left_child=1 3 -3 9 -2 -6 11 8 -8 10 -1 -7 -4
right_child=4 2 12 -5 5 6 7 -9 -10 -11 -12 -13 -14
leaf_value=0.032014874202872079 0 -0.087067773755941602 0.05775937962905113 -0.018633809868173777 -0.082900801698292531 -0.076034709410133086 0.1166055396219238 -0.035101849562899176 -0 0.084976386786007996 -0 -0 0
leaf_weight=1.5073292255401622 1.8277244865894307 1.5849734097719186 0.88680559396743741 0.60666264593601305 5.7303190156817418 1.4269611313939097 1.3619094640016562 0.7436222881078719 0.88693910837173451 8.2237641960382444 0.83154740929603554 0.8354334533214568 0.9286809116601944
leaf_count=7 10 10 4 4 38 10 6 5 5 41 4 5 5
internal_value=0 0.446695 -0.0115449 0.642361 -0.41475 -0.518925 -0.0436764 0.16632 0.619503 0.75042 0.0810159 -0.595438 0.410309
internal_weight=0 14.5698 3.40046 11.1693 12.8129 10.9852 5.25487 2.99247 2.24885 10.5626 2.33888 2.26239 1.81549
internal_count=154 75 19 56 79 69 31 16 11 52 11 15 9
shrinkage=0.0984825


Tree=12
num_leaves=20
num_cat=0
split_feature=1 11 1 1 3 3 11 11 3 3 3 1 3 11 3 1 1 11 1
split_gain=2.2223 2.13824 1.58484 2.71123 1.4557 0.610593 0.466148 0.525667 0.606408 0.747962 0.433102 0.660359 0.336997 0.23153 0.100132 0.206178 0.185544 0.0373622 0.0225483
threshold=628.00000000000011 1.0000000180025095e-35 429.50000000000006 307.00000000000006 486.50000000000006 445.00000000000006 22.000000000000004 6.0000000000000009 531.50000000000011 555.50000000000011 752.00000000000011 770.00000000000011 807.50000000000011 1.0000000180025095e-35 501.50000000000006 442.50000000000006 578.00000000000011 10.000000000000002 375.50000000000006
decision_type=8 2 8 8 8 10 2 2 10 8 8 10 10 2 10 10 10 2 10
left_child=2 -2 3 13 5 -5 7 18 -9 -10 -3 17 14 -1 -4 -16 -17 -12 -6
right_child=1 10 12 4 6 -7 -8 8 9 -11 11 -13 -14 -15 15 16 -18 -19 -20
leaf_value=-0 0.15966198762563932 -0.050657241489551058 -0 0 -0 0.088168822345609341 -0.062680675767566835 -0 0.1303787070309422 -0 0 -0.0009273581177495333 0 -0.095487394969685016 -0 -0.090602909516398586 -0 0.067385093253047035 -0.043812593185140317
leaf_weight=1.0102533176541375 1.1814349740743626 0.75194023549556721 0.86221936345100303 1.2574212253093708 0.65410506725311357 3.1347783654928207 1.1180533692240713 1.4546513557434084 0.95518954098224607 0.71125826984643947 0.92309606075286899 1.1656838357448576 0.72274698317050912 2.5864353179931641 0.7153545320034026 4.3834945484995842 0.65233114361762989 1.9331717193126676 0.79533601552248001
leaf_count=7 5 4 5 7 4 14 8 8 4 4 4 6 4 18 5 30 4 8 5
internal_value=0 0.421154 -0.251105 -0.00133395 0.217139 0.660354 -0.0163641 0.00155622 0.348552 0.762479 0 0.235202 -0.628482 -0.784195 -0.698998 -0.760716 -0.837228 0.553046 -0.309217
internal_weight=0 5.95533 21.0136 13.6775 10.0808 4.3922 5.68859 4.57054 3.1211 1.66645 4.77389 4.02195 7.33615 3.59669 6.6134 5.75118 5.03583 2.85627 1.44944
internal_count=154 27 127 79 54 21 33 25 16 8 22 18 48 25 44 39 34 12 9
shrinkage=0.0984825


Tree=13
num_leaves=9
num_cat=0
split_feature=5 2 2 6 6 6 6 0
split_gain=3.34506 2.55222 1.59994 1.20208 1.04977 0.184652 0.13484 0.121718
threshold=4.5000000000000009 1.5000000000000002 2.5000000000000004 85.500000000000014 77.500000000000014 75.500000000000014 78.500000000000014 1.0000000180025095e-35
decision_type=10 8 8 2 2 2 2 2
left_child=2 -2 3 -1 5 -3 -4 -6
right_child=1 4 6 -5 7 -7 -8 -9
leaf_value=0.091900404187442289 0.090294936795277114 -0.018714477832639083 0 -0 -0.071185930880764386 0 -0.041169795946314071 -0
leaf_weight=5.8733844459056863 1.4128524214029337 5.9759489074349421 0.99784607440233275 1.2241621464490888 6.6018763110041609 2.8819190561771393 0.76583247631788254 0.8036711961030959
leaf_count=29 6 34 5 6 47 18 5 4
internal_value=0 -0.237067 0.513876 0.743553 -0.37803 -0.0604111 -0.0545845 -0.670598
internal_weight=0 17.6763 8.86123 7.09755 16.2634 8.85787 1.76368 7.40555
internal_count=154 109 45 35 103 52 10 51
shrinkage=0.0984825


Tree=14
num_leaves=11
num_cat=0
split_feature=5 3 9 9 3 5 3 9 5 3
split_gain=2.59911 2.40896 2.32706 1.7448 2.54936 1.08002 0.957389 0.843374 1.54426 0.34782
threshold=7.5000000000000009 752.00000000000011 27.673729074410407 25.501973583674054 482.50000000000006 1.0000000180025095e-35 477.50000000000006 20.518661731951301 6.5000000000000009 469.00000000000006
decision_type=10 8 8 10 10 10 8 8 10 10
left_child=1 3 -3 5 -5 -1 9 -7 -9 -2
right_child=6 2 -4 4 -6 7 -8 8 -10 -11
leaf_value=0.026043712273344934 -0.025961047510309386 0.1119179042649316 -0.0056683545368791397 -0.028994315434996965 0.11245105300398603 0 -0.068264767699056941 -0.10956176461210961 0 0.045408632466757769
leaf_weight=1.1958986669778875 1.6526326239109015 4.0692304223775855 1.1651208177208898 1.3544757813215249 2.5091501325368881 1.78084260225296 6.1912076398730287 3.3882303610444069 1.9074292406439781 1.0475109815597532
leaf_count=6 12 18 6 8 12 11 44 21 11 5
internal_value=0 0.181382 0.75182 -0.0140856 0.477738 -0.321177 -0.477415 -0.510117 -0.710844 0
internal_weight=0 17.3704 5.23435 12.136 3.86363 8.2724 8.89135 7.0765 5.29566 2.70014
internal_count=154 93 24 69 20 49 61 43 32 17
shrinkage=0.0984825


Tree=15
num_leaves=14
num_cat=0
split_feature=1 2 4 1 2 4 11 1 11 11 1 4 8
split_gain=3.02011 3.34031 1.27936 0.772763 0.767509 0.646936 2.09648 0.944886 0.334097 0.314731 0.239452 0.195623 0.169532
threshold=587.50000000000011 1.5000000000000002 92.250000000000014 547.50000000000011 2.5000000000000004 95.750000000000014 14.000000000000002 408.50000000000006 22.000000000000004 6.0000000000000009 364.50000000000006 84.15000000000002 1.0000000180025095e-35
decision_type=10 8 2 8 8 2 2 10 2 2 10 2 10
left_child=1 10 3 12 8 6 9 -7 -2 -4 -1 -5 -3
right_child=4 2 5 11 -6 7 -8 -9 -10 -11 -12 -13 -14
leaf_value=0 0.094021461751227053 -0.076406864210170303 0 0.0069346030983775155 -0 -0.08908460808984052 -0.047600080196940571 0 0 0.13904549281424858 0.086859348471089115 -0.045258072906440086 -0
leaf_weight=0.82867515087128341 3.0996696650981899 9.357602156698702 0.56973164528608267 1.7641227990388881 1.2192369252443311 1.5607175007462504 0.91775936633348443 0.91242305189371076 0.7913486510515213 1.2042762786149976 1.9234163612127302 0.8475787341594696 0.97591951489448625
leaf_count=4 14 68 4 8 6 9 7 5 4 5 8 6 6
internal_value=0 -0.256753 -0.434944 -0.60249 0.584251 -0 0.323179 -0.379794 0.80171 1.0919 0.678858 -0 -0.727279
internal_weight=0 20.8622 18.1101 12.9452 5.11026 5.16491 2.69177 2.47314 3.89102 1.77401 2.75209 2.6117 10.3335
internal_count=154 130 118 88 24 30 16 14 18 9 12 14 74
shrinkage=0.0984825


Tree=16
num_leaves=17
num_cat=0
split_feature=5 6 3 3 3 5 3 3 6 3 3 3 3 3 3 3
split_gain=3.79541 1.57161 1.2552 0.621969 1.02945 0.974005 0.374998 1.06788 0.654487 0.561856 0.421563 0.333855 0.205403 0.175672 7.16444e-05 0.0190005
threshold=6.5000000000000009 84.500000000000014 452.00000000000006 492.50000000000006 469.00000000000006 7.5000000000000009 762.00000000000011 507.00000000000006 77.500000000000014 579.50000000000011 951.50000000000011 855.00000000000011 486.50000000000006 681.00000000000011 645.50000000000011 563.50000000000011
decision_type=10 2 8 8 10 10 10 10 2 10 10 10 10 10 10 10
left_child=1 2 -1 4 -2 14 7 8 -4 -9 -8 -7 -6 -11 15 -5
right_child=3 -3 6 5 12 11 10 9 -10 13 -12 -13 -14 -15 -16 -17
leaf_value=-0.004514147766368634 -0.054119941616480836 -0.067685417061324221 0.1005125638179592 0 0.060782381223005652 -0.099688350026306008 0.13845206258624168 -0.061767672980891128 0 0.038168883148194166 0 -0 -0 -0 0 -0.01724647989374321
leaf_weight=1.7106242179870594 2.3846054598689053 0.86280482262373059 2.5743878185749054 0.99012865126133087 1.2859260737895968 4.0555278286337852 1.8510385453701022 1.0739213675260546 1.5135533213615415 1.9657014459371567 0.87441538274288155 0.77884019911289204 0.77183274179697026 0.74230491369962692 1.1291626542806623 0.58545746654272079
leaf_count=11 18 5 12 6 6 35 9 7 7 11 4 4 5 4 6 4
internal_value=0 0.34069 0.465943 -0.433934 -0 -0.617106 0.608072 0.355145 0.707603 -0 1.09456 -0.890088 0.377424 0.213477 -0 -0.00666662
internal_weight=0 13.1688 12.3059 11.9815 4.44236 7.53912 10.5953 7.86987 4.08794 3.78193 2.72545 4.83437 2.05776 2.70801 2.70475 1.57559
internal_count=154 70 65 84 29 55 54 41 19 22 13 39 11 15 16 10
shrinkage=0.0984825


Tree=17
num_leaves=13
num_cat=0
split_feature=2 5 2 11 11 5 11 8 11 11 5 5
split_gain=1.69503 1.29263 1.83552 1.8463 1.1119 0.707257 0.681782 0.515061 0.470441 0.268764 0.00376225 0.168328
threshold=2.5000000000000004 4.5000000000000009 1.5000000000000002 14.000000000000002 6.0000000000000009 9.5000000000000018 1.0000000180025095e-35 1.0000000180025095e-35 22.000000000000004 1.0000000180025095e-35 6.5000000000000009 5.5000000000000009
decision_type=8 10 10 2 2 10 2 10 2 2 10 10
left_child=1 4 -3 5 -1 9 -2 -5 -6 -4 11 -11
right_child=6 2 3 7 8 -7 -8 -9 -10 10 -12 -13
leaf_value=-0 0 0.10392154691380788 0.051909089612169279 -0.096883557456881514 0.088137619102982595 -0.062453069848173039 -0.062271121846860469 -0 0 -0 -0 0.040048869615613755
leaf_weight=1.3663599789142669 1.0119011253118504 1.1769860088825197 1.9506061524152754 2.9180161133408551 3.8407140225172043 1.017852261662483 5.3060929775238037 0.78269897401332833 1.3164148330688474 0.74440492689609483 2.3313323855400085 1.0041861236095428
leaf_count=8 6 5 10 22 18 8 39 5 7 4 17 5
internal_value=0 0.11489 -0.0336956 -0.214868 0.481847 0.00119395 -0.478385 -0.792009 0.712285 0.216085 0 0.0459094
internal_weight=0 18.4496 11.9261 10.7491 6.52349 7.04838 6.31799 3.70072 5.15713 6.03053 4.07992 1.74859
internal_count=154 109 76 71 33 44 45 27 25 36 26 9
shrinkage=0.0984825


Tree=18
num_leaves=18
num_cat=0
split_feature=5 4 4 9 4 4 5 9 4 4 4 9 9 9 5 9 4
split_gain=2.17002 0.94157 1.32831 0.796779 0.740715 1.14403 0.517859 0.262286 0.201873 0.370385 0.200515 0.347311 0.196196 0.132834 0.110865 0.205575 0.0739158
threshold=6.5000000000000009 81.950000000000017 91.200000000000017 26.588434586024402 84.450000000000017 91.200000000000017 4.5000000000000009 25.284231394756052 79.600000000000009 78.000000000000014 93.65000000000002 24.029209254126005 23.638957612801502 20.518661731951301 5.5000000000000009 29.580582187519255 93.200000000000017
decision_type=10 2 2 8 2 2 10 10 2 2 2 10 10 10 10 8 2
left_child=3 12 -3 4 8 7 -7 13 9 -1 16 -12 -2 -6 15 -5 -4
right_child=1 2 10 14 5 6 -8 -9 -10 -11 11 -13 -14 -15 -16 -17 -18
leaf_value=0.050600387281506946 -0 -0.082878276161061151 -0 -0.049357731233721662 0 0.10830695262505333 0 0 0.12945492884310983 -0 -0.065427666669115148 0 0.042444655836754365 -0.051295589617084539 0 0 0.036585658085706678
leaf_weight=2.5194684267044072 0.9931646659970278 4.4307976588606817 1.7580176666378977 1.2233580201864258 0.58754864335060197 1.2522949427366259 0.94769253581762303 0.76345762610435475 1.5103453844785688 0.81296463310718525 1.1354434415698054 1.0795181840658186 1.1612151116132734 1.8519038259983061 0.83332378417253472 0.88588618487119664 0.72081352770328511
leaf_count=13 7 37 13 7 4 6 5 4 7 4 8 7 6 12 5 5 4
internal_value=0 -0.285162 -0.447608 0.307643 0.446343 0.0506765 0.682199 -0.190193 0.754171 0.30057 -0 -0.274727 0.109498 -0.391489 -0 -0.227308 0.110281
internal_weight=0 11.279 9.12459 13.1882 10.2457 5.4029 2.19999 3.20291 4.84278 3.33243 4.69379 2.21496 2.15438 2.43945 2.94257 2.10924 2.47883
internal_count=154 82 69 72 55 31 11 20 24 17 32 15 13 16 17 12 17
shrinkage=0.0984825


Tree=19
num_leaves=6
num_cat=0
split_feature=0 2 11 8 5
split_gain=2.61557 2.1014 2.16426 1.02243 0.317578
threshold=1.0000000180025095e-35 1.5000000000000002 22.000000000000004 1.0000000180025095e-35 1.0000000180025095e-35
decision_type=2 8 2 10 10
left_child=1 -1 3 4 -3
right_child=-2 2 -4 -5 -6
leaf_value=0.071345605111208493 0.10301322782710526 0.0060070997760389355 -0.095186070118563504 0.060917028604576637 -0.021297353833953373
leaf_weight=2.6165797263383928 2.2805966585874549 1.5854756534099621 3.1283135861158362 1.87648493051529 12.92016915977001
leaf_count=12 11 8 27 10 86
internal_value=0 -0.0626579 -0.201804 -0.0153408 -0.142281
internal_weight=0 22.127 19.5104 16.3821 14.5056
internal_count=154 143 131 104 94
shrinkage=0.0984825


Tree=20
num_leaves=15
num_cat=0
split_feature=3 3 9 3 9 9 9 9 3 9 9 9 9 9
split_gain=1.24078 1.28899 2.43437 1.18124 0.686761 0.652251 0.480651 0.718163 0.571977 0.432798 0.251246 0.242719 0.234038 0.14601
threshold=762.00000000000011 492.50000000000006 26.269092741045451 855.00000000000011 26.717820778856503 23.728631858810555 25.895142325466004 23.517243843139404 452.00000000000006 24.796083049791452 28.884086808904552 21.047713267711053 20.122189939800752 27.110289780077057
decision_type=8 10 10 8 10 10 10 10 10 10 10 10 10 10
left_child=1 6 -3 -2 5 -5 7 8 12 -9 13 -10 -1 -4
right_child=3 2 10 4 -6 -7 -8 9 11 -11 -12 -13 -14 -15
leaf_value=0 0.10691612541160242 -0.067782946245669828 0 -0 -0.067625881364795762 0.08418218697562764 -0.037662911555692909 0.094248280882335708 -0 0 -0 0.061565448327880426 -0.066516978547979153 0.084101335671494151
leaf_weight=0.54422383010388076 1.6949725672602642 7.8981217145919782 0.86498486995697044 2.1409403383731846 0.83004724979400624 1.2369666472077367 0.80122114717960335 1.6990465968847277 0.74668727815151203 1.5026286542415617 0.57745999097824086 1.1167094260454176 1.2745995000004766 0.87250877916812897
leaf_count=4 9 63 5 10 4 6 6 8 5 8 4 6 11 5
internal_value=0 -0.145823 -0.393865 0.380391 0 0.285441 0.102014 0.251721 -0 0.597664 0.336093 0.330828 -0.442971 0.53978
internal_weight=0 17.8982 10.2131 5.90293 4.20795 3.37791 7.68512 6.8839 3.68222 3.20168 2.31495 1.8634 1.81882 1.73749
internal_count=154 125 77 29 20 16 48 42 26 16 14 11 15 10
shrinkage=0.0984825


Tree=21
num_leaves=19
num_cat=0
split_feature=5 2 1 1 1 1 4 1 5 1 4 1 1 5 4 5 4 1
split_gain=1.90197 0.924325 0.643976 0.497087 0.81802 0.81294 0.664434 0.478722 0.411318 0.413971 0.398873 0.326194 0.214274 0.211985 0.1472 0.138076 0.0842417 0.133418
threshold=1.0000000180025095e-35 1.5000000000000002 587.50000000000011 406.50000000000006 345.50000000000006 360.00000000000006 84.15000000000002 697.00000000000011 6.5000000000000009 298.00000000000006 96.200000000000017 491.50000000000006 290.50000000000006 4.5000000000000009 88.700000000000017 4.5000000000000009 78.000000000000014 498.00000000000006
decision_type=10 8 10 8 8 10 2 10 10 10 2 8 10 10 2 8 2 10
left_child=11 14 3 4 8 -6 16 -4 12 -10 -8 -1 -3 -14 -2 -9 -5 -18
right_child=1 2 7 6 5 -7 10 15 9 -11 -12 -13 13 -15 -16 -17 17 -19
leaf_value=0 0 -0.042877123951259477 0.058699790486184074 -0.024230101521381695 0.091509961881660426 -0 -0.090224143025199599 0 0 -0.084225516786778545 -0 0.12143605013328261 -0 0.049119704261269749 0.085255943407962248 -0.04191152848468023 -0 0.043050524064739665
leaf_weight=1.356649562716487 1.2053669989109068 0.89352851361036245 1.4750785008072846 1.2309473901987087 1.2202379778027546 2.0722164288163185 2.9950564689934258 1.593758210539818 0.70085401833057437 1.8406927958130834 0.8508782386779784 1.4096580296754835 0.89159365743398644 0.96843847632408142 0.92309215664863553 0.72593894600868203 0.65550893545150735 0.70112709701061249
leaf_count=7 6 8 7 8 7 14 31 8 6 14 6 6 5 5 4 4 4 4
internal_value=0 -0.0476438 -0.145672 -0.255863 -0.0142809 0.285895 -0.478453 0.123325 -0.320509 -0.609917 -0.743391 0.817381 -0 0.141544 0.513975 -0 -0 0.0734868
internal_weight=0 20.9443 18.8159 15.0211 8.58756 3.29245 6.43352 3.79478 5.29511 2.54155 3.84593 2.76631 2.75356 1.86003 2.12846 2.3197 2.58758 1.35664
internal_count=154 141 131 112 59 21 53 19 38 20 37 13 18 10 10 12 16 8
shrinkage=0.0984825


Tree=22
num_leaves=19
num_cat=0
split_feature=3 6 5 3 5 3 3 5 4 3 4 3 4 3 8 4 5 3
split_gain=2.42449 2.03525 1.60828 1.38549 1.34816 0.754656 0.838061 1.01708 1.11257 0.725012 1.05746 0.604902 1.12184 0.604537 0.365049 0.207466 0.0264517 0.00978017
threshold=645.50000000000011 77.500000000000014 4.5000000000000009 855.00000000000011 3.5000000000000004 555.50000000000011 430.50000000000006 5.5000000000000009 91.450000000000017 1044.0000000000002 80.950000000000017 477.50000000000006 84.450000000000017 527.00000000000011 1.0000000180025095e-35 95.750000000000014 7.5000000000000009 563.50000000000011
decision_type=8 2 10 10 10 10 8 10 2 8 2 10 2 8 10 2 10 10
left_child=1 5 3 -2 17 6 -1 8 -8 10 -4 15 -13 -14 -6 -9 -12 -3
right_child=2 4 9 -5 14 -7 7 11 -10 -11 16 12 13 -15 -16 -17 -18 -19
leaf_value=-0.033462125929194217 0.12449484132052856 -0 0.099634318561532667 0 -0.097574970730976776 -0.049510978602948313 -0.072590799132889183 0.13000831345162722 0.067187130594219366 -0.072332410232515132 0 0.10953924265401987 -0.06584271325503592 0.014602198557750044 -0 0 -0.019965968095480902 0.010704092654543943
leaf_weight=0.7354966104030598 3.4482471495866758 0.74875282496213791 1.2486347630620005 1.3525670170783994 3.7431198507547379 0.90348203480243761 1.2581980451941501 1.83741220086813 0.84271369874477375 0.82957741618156411 1.3255884796380994 0.87061033397913012 1.3151134699583049 0.63892698287963878 0.52668192982673634 0.72524899244308461 0.60712534561753262 0.79143767058849324
leaf_count=6 16 4 7 7 36 7 8 9 4 4 8 5 12 4 4 4 5 4
internal_value=0 -0.0989438 0.539448 0.929933 -0.584446 0.142022 0.291509 0.439107 -0 0 0.283074 0.674556 0.0717946 -0.0851724 -0.881374 1.08471 -0 0
internal_weight=0 14.9372 8.81174 4.80081 5.80999 9.1272 8.22372 7.48822 2.10091 4.01093 3.18135 5.38731 2.82465 1.95404 4.2698 2.56266 1.93271 1.54019
internal_count=154 107 47 23 48 59 52 46 12 24 20 34 21 16 40 13 13 8
shrinkage=0.0984825


Tree=23
num_leaves=18
num_cat=0
split_feature=1 1 1 3 1 3 4 4 3 4 1 4 1 1 1 3 3
split_gain=1.98192 1.79573 1.22625 0.83086 0.825511 0.478488 0.714975 0.533326 0.366397 0.889266 0.703674 0.426427 0.743098 0.143934 0.089623 0.0797433 0.021332
threshold=547.50000000000011 429.50000000000006 290.50000000000006 1044.0000000000002 498.00000000000006 645.50000000000011 80.950000000000017 91.200000000000017 486.50000000000006 88.700000000000017 335.50000000000006 85.100000000000009 408.50000000000006 342.50000000000006 360.00000000000006 632.00000000000011 472.50000000000006
decision_type=8 10 8 10 10 10 2 2 8 2 10 2 10 10 8 10 10
left_child=1 2 -1 5 -3 -2 -7 -8 9 -4 16 14 13 -13 -10 -6 -11
right_child=3 4 8 -5 15 6 7 -9 11 10 -12 12 -14 -15 -16 -17 -18
leaf_value=-0.070620302845148211 0 -0.099078358644809517 -0 -0 0.011818461736529087 0.14999406319460407 -0 0.077079817046999066 0.065804463539899299 -0 0.10158723184258464 -0 0.012413785449619574 -0.07474802760089938 0 -0.029000283483304738 0.013951663423794029
leaf_weight=1.5799760967493064 2.3868254646658889 2.8766286745667449 0.9639049842953672 0.98302161693572976 0.76519013568758942 1.5322161614894869 1.3191896192729475 0.91816363483667363 0.8645176142454154 0.488107189536095 2.1785120069980621 0.65966906026005823 1.1148290261626241 1.6691309362649915 0.63508741557598125 0.75004659593105316 1.0264764726161955
leaf_count=16 12 26 6 5 5 7 9 5 5 4 10 5 7 16 4 7 5
internal_value=0 -0.145311 0.014627 0.481825 -0.692385 0.634958 0.884153 0.150415 0.20309 0.403425 0.665774 0 -0.180833 -0.595445 0.45114 -0 0
internal_weight=0 15.5721 11.1802 7.13942 4.39187 6.15639 3.76957 2.23735 9.60023 4.657 3.6931 4.94323 3.44363 2.3288 1.49961 1.51524 1.51458
internal_count=154 116 78 38 38 33 21 14 62 25 19 37 28 21 9 12 9
shrinkage=0.0984825


end of trees

feature importances:
Choice_reaction_time_Ex5=79
BMIX4=62
Simple_reaction_time_Ex5=61
CASIX4=45
Olfaction_complete_Ex5_Ex4=35
new_BM_frequency=20
Coffee_oz_Ex1=20
ECGage=16
TBI_LOC=10
Sleepy_complete=4
new_smoke=3

parameters:
[boosting: gbdt]
[objective: binary]
[metric: auc]
[tree_learner: serial]
[device_type: cpu]
[data: ]
[valid: ]
[num_iterations: 100]
[learning_rate: 0.0984825]
[num_leaves: 25]
[num_threads: 4]
[max_depth: 39]
[min_data_in_leaf: 4]
[min_sum_hessian_in_leaf: 0.001]
[bagging_fraction: 0.827927]
[pos_bagging_fraction: 1]
[neg_bagging_fraction: 1]
[bagging_freq: 1]
[bagging_seed: 3]
[feature_fraction: 0.45368]
[feature_fraction_bynode: 1]
[feature_fraction_seed: 2]
[early_stopping_round: 0]
[first_metric_only: 0]
[max_delta_step: 0]
[lambda_l1: 0.633939]
[lambda_l2: 0.0364375]
[min_gain_to_split: 0]
[drop_rate: 0.1]
[max_drop: 50]
[skip_drop: 0.5]
[xgboost_dart_mode: 0]
[uniform_drop: 0]
[drop_seed: 4]
[top_rate: 0.2]
[other_rate: 0.1]
[min_data_per_group: 100]
[max_cat_threshold: 32]
[cat_l2: 10]
[cat_smooth: 10]
[max_cat_to_onehot: 4]
[top_k: 20]
[monotone_constraints: ]
[feature_contri: ]
[forcedsplits_filename: ]
[forcedbins_filename: ]
[refit_decay_rate: 0.9]
[cegb_tradeoff: 1]
[cegb_penalty_split: 0]
[cegb_penalty_feature_lazy: ]
[cegb_penalty_feature_coupled: ]
[verbosity: 1]
[max_bin: 122]
[max_bin_by_feature: ]
[min_data_in_bin: 3]
[bin_construct_sample_cnt: 200000]
[histogram_pool_size: -1]
[data_random_seed: 1]
[output_model: LightGBM_model.txt]
[snapshot_freq: -1]
[input_model: ]
[output_result: LightGBM_predict_result.txt]
[initscore_filename: ]
[valid_data_initscores: ]
[pre_partition: 0]
[enable_bundle: 1]
[max_conflict_rate: 0]
[is_enable_sparse: 1]
[sparse_threshold: 0.8]
[use_missing: 1]
[zero_as_missing: 0]
[two_round: 0]
[save_binary: 0]
[header: 0]
[label_column: ]
[weight_column: ]
[group_column: ]
[ignore_column: ]
[categorical_feature: ]
[predict_raw_score: 0]
[predict_leaf_index: 0]
[predict_contrib: 0]
[num_iteration_predict: -1]
[pred_early_stop: 0]
[pred_early_stop_freq: 10]
[pred_early_stop_margin: 10]
[convert_model_language: ]
[convert_model: gbdt_prediction.cpp]
[num_class: 1]
[is_unbalance: 0]
[scale_pos_weight: 1]
[sigmoid: 1]
[boost_from_average: 1]
[reg_sqrt: 0]
[alpha: 0.9]
[fair_c: 1]
[poisson_max_delta_step: 0.7]
[tweedie_variance_power: 1.5]
[max_position: 20]
[lambdamart_norm: 1]
[label_gain: ]
[metric_freq: 1]
[is_provide_training_metric: 0]
[eval_at: ]
[multi_error_top_k: 1]
[num_machines: 1]
[local_listen_port: 12400]
[time_out: 120]
[machine_list_filename: ]
[machines: ]
[gpu_platform_id: -1]
[gpu_device_id: -1]
[gpu_use_dp: 0]

end of parameters

pandas_categorical:[]
