tree
version=v3
num_class=1
num_tree_per_iteration=1
label_index=0
max_feature_idx=11
objective=binary sigmoid:1
feature_names=Sleepy_complete Simple_reaction_time_Ex5 new_BM_frequency Choice_reaction_time_Ex5 CASIX4 Olfaction_complete_Ex5_Ex4 ECGage new_smoke TBI_LOC BMIX4 HYPBP1 Coffee_oz_Ex1
feature_infos=[0:1] [1:1347] [0:4] [1:1812] [2.5:98.400000000000006] [0:12] [72:90] [0:2] [0:1] [14.6411231134028:39.3445072771772] [0:1] [0:64]
tree_sizes=1820 1652 1836 1862 2016 1573 1886 2204 1354 1749 1837

Tree=0
num_leaves=17
num_cat=0
split_feature=1 5 6 3 6 1 1 3 5 3 1 3 1 6 1 6
split_gain=25.8339 6.84801 6.5905 2.96005 2.5351 2.29057 3.82853 2.99342 1.36629 0.916918 0.830909 0.664282 0.651001 0.398201 0.298375 0.519261
threshold=587.50000000000011 3.5000000000000004 76.500000000000014 455.50000000000006 81.500000000000014 290.00000000000006 350.50000000000006 471.00000000000006 7.5000000000000009 581.50000000000011 350.50000000000006 543.00000000000011 539.00000000000011 78.500000000000014 387.00000000000006 73.500000000000014
decision_type=10 10 2 10 2 10 8 10 10 10 10 10 10 2 10 2
left_child=1 3 5 -1 -2 -3 7 -7 9 -8 -5 -12 -4 -13 -10 -16
right_child=4 2 12 10 -6 6 8 -9 14 -11 11 13 -14 -15 15 -17
leaf_value=-0.82341847466513929 -0.65380282113799792 -1.0828916972278113 -1.109044526732704 -1.0507226147347843 -0.92223871930624646 -0.98082925301172641 -0.88481298542578346 -0.80341674094851334 -0.98082925301172641 -0.98102396929049829 -0.88481298542578335 -1.0350618348651481 -0.98082925301172641 -0.94924483534912996 -0.98082925301172641 -1.0858738045949847
leaf_weight=1.7851239591836989 2.1818181723356243 1.983471065759661 9.3223140090703929 0.99173553287982918 1.1900826394557951 0.99173553287982719 0.99173553287983052 1.9834710657596586 0.79338842630386386 1.1900826394557951 0.99173553287982963 0.79338842630386386 0.99173553287983007 1.3884297460317609 0.79338842630386386 2.1818181723356247
leaf_count=9 11 10 47 5 6 5 5 10 4 6 5 4 5 7 4 11
internal_value=0 -0.357578 -0.63726 0.531873 2.56128 -0.0334439 0.121996 1.0875 -0.258547 0.165022 0 0.312283 -1.2123 -0 -0.669608 -0.815824
internal_weight=0 27.1736 21.2231 5.95041 3.3719 10.9091 8.92562 2.97521 5.95041 2.18182 4.16529 3.17355 10.314 2.18182 3.7686 2.97521
internal_count=154 137 107 30 17 55 45 15 30 11 21 16 52 11 19 15
shrinkage=1


Tree=1
num_leaves=16
num_cat=0
split_feature=3 2 9 9 2 9 9 9 9 3 3 3 3 3 3
split_gain=16.3822 10.6154 2.6534 2.38205 1.2807 1.01125 0.819718 0.806321 2.18642 2.53631 0.531178 1.61653 0.298979 0.270719 0.247227
threshold=752.00000000000011 1.5000000000000002 24.779797286779502 28.239234809643353 2.5000000000000004 22.808320267248302 25.854911971751203 26.913137711970055 23.389901919800653 inf 486.50000000000006 461.00000000000006 452.50000000000006 642.00000000000011 677.00000000000011
decision_type=8 10 10 10 8 10 8 10 8 8 10 10 10 8 10
left_child=1 2 5 4 10 -1 -4 8 9 -2 11 12 -3 -12 -15
right_child=7 3 6 -5 -6 -7 -8 -9 -10 -11 13 -13 -14 14 -16
leaf_value=0.069590116918897549 0.17796891537859083 -0.08364144328378896 0.27401150017414605 0.033342616574989742 -0.11150614831993397 -0.049362016991867042 0.018725129824691204 0 0.26846703541206735 -0 -0.065639257134561438 0.093112243743742898 -0 0.016482648680070176 -0.051464187116115369
leaf_weight=1.5964178144931858 1.307433366775512 1.3363696187734673 1.0189450234174724 1.3753126561641682 7.6608012765645972 0.7663736045360563 0.83557879924774181 1.014007583260536 1.9649208635091782 1.5504547059535978 6.6457307487726185 0.9986518472433088 0.77517555654048909 0.84189110994339056 0.77879196405410755
leaf_count=8 6 7 5 7 40 4 4 5 9 8 34 5 4 4 4
internal_value=0 -0.327904 1.05497 -0.645981 -0.750854 0.0489684 1.9758 1.52908 1.72972 0.799987 -0.435694 -0 -0.567285 -0.570012 -0
internal_weight=0 24.63 4.21732 20.4127 19.0374 2.36279 1.85452 5.83682 4.82281 2.85789 11.3766 3.1102 2.11155 8.26641 1.62068
internal_count=154 126 21 105 98 12 9 28 23 14 58 16 11 42 8
shrinkage=0.0984825


Tree=2
num_leaves=18
num_cat=0
split_feature=5 2 9 9 7 5 2 2 9 5 9 5 2 9 5 9 5
split_gain=13.2364 4.9369 4.69832 1.532 1.14322 2.54438 1.80727 0.860965 0.750976 1.84491 0.476292 0.428448 0.42325 0.462872 0.273021 0.199623 0.129764
threshold=4.5000000000000009 1.5000000000000002 24.779797286779502 25.531999032817655 1.0000000180025095e-35 7.5000000000000009 2.5000000000000004 2.5000000000000004 26.913137711970055 9.5000000000000018 21.513167169573155 6.5000000000000009 2.5000000000000004 21.920318345831504 9.5000000000000018 22.274122055222502 10.500000000000002
decision_type=10 10 8 10 2 10 10 8 10 8 8 10 10 10 10 10 10
left_child=2 3 12 10 5 6 11 -4 9 -6 -2 -3 13 -1 -10 -7 -11
right_child=1 4 7 -5 8 15 -8 -9 14 16 -12 -13 -14 -15 -16 -17 -18
leaf_value=0 0.051276528311814659 0.15196020875530053 0.22054959506568297 0.16521072219071337 -0.12115662388691188 -0 -0.039371299803462406 0.0067106759369484695 0.018440175750662015 0 -0.04150014664467102 0 -0 0.073228169705924856 -0.053673229988829299 -0.082375509659809887 -0.028270030257432462
leaf_weight=1.4087898731231701 1.2201389819383648 1.0878438204526915 3.0310637801885618 1.0554501265287397 6.5196783691644642 0.92141038179397572 0.71587407588958729 0.8723328411579131 0.8363954424858101 1.1068517714738857 0.72742611169815075 1.0409339219331741 1.5801331251859663 2.4573042690753937 0.77971456944942463 3.3473208844661713 1.5383467972278593
leaf_count=7 6 5 14 5 35 5 4 4 4 6 4 5 8 12 4 18 8
internal_value=0 -0.376797 1.04867 0.711996 -0.595947 -0.160749 0.441394 1.92025 -0.822983 -0.936951 0 1.01902 0.299757 0.48445 -0 -0.709603 -0
internal_weight=0 20.8974 9.34962 3.00302 17.8944 7.11338 2.84465 3.9034 10.781 9.16488 1.94757 2.12878 5.44623 3.86609 1.61611 4.26873 2.6452
internal_count=154 109 45 15 94 37 14 18 57 49 10 10 27 19 8 23 14
shrinkage=0.0984825


Tree=3
num_leaves=18
num_cat=0
split_feature=3 4 3 9 3 4 9 4 3 6 3 6 6 3 4 4 4
split_gain=14.8255 4.58735 2.9705 2.44632 2.14359 3.36555 1.82677 0.566206 0.544731 0.770927 0.757894 0.170816 0.118676 0.102226 0.0851067 0.013824 1.47981
threshold=752.00000000000011 95.250000000000014 512.00000000000011 25.284231394756052 503.50000000000006 85.850000000000009 26.913137711970055 86.250000000000014 482.50000000000006 78.500000000000014 452.50000000000006 77.500000000000014 76.500000000000014 412.50000000000006 80.500000000000014 82.15000000000002 79.65000000000002
decision_type=8 2 10 10 10 2 10 2 10 2 10 2 2 10 2 2 2
left_child=1 3 -3 8 7 14 -2 -5 9 10 13 -7 -9 -1 -6 16 -10
right_child=6 2 -4 4 5 11 -8 12 15 -11 -12 -13 -14 -15 -16 -17 -18
leaf_value=-0 0.15230184106309144 0.14471885486783101 -0.042855070890407278 -0.10220363153369322 0.0077132238245533665 -0.059752710642579546 0 0 -0.098510665278519691 -0.08661463373782699 0.057867824966985296 0 -0.039187639716690509 -0.065631142154017427 0.19818188178515561 -0.12060280184554235 0.013773353529412726
leaf_weight=0.77617941796780621 4.9056698232889167 1.8372134119272225 0.73345275223255135 1.9385629296302787 0.86636358499527 0.91715985536575284 1.2440820336341856 1.0016391724348066 1.9042789489030822 1.5850265920162199 1.1834039241075514 0.72920767962932576 0.71308137476444233 0.95191423594951641 0.91738645732402802 6.9181748181581497 0.92236714065074921
leaf_count=4 22 9 4 10 4 5 6 5 10 9 6 4 4 5 4 38 5
internal_value=0 -0.458804 0.684418 -0.627227 -0.0458521 0.415232 1.27097 -0.650408 -0.871138 -0.326521 -0 -0.327261 -0 -0.436839 1.44165 -1.05548 -0.409781
internal_weight=0 23.8954 2.57067 21.3247 7.0834 3.43012 6.14975 3.65328 14.2413 4.49652 2.9115 1.64637 1.71472 1.72809 1.78375 9.74482 2.82665
internal_count=154 126 13 113 36 17 28 19 77 24 15 9 9 9 8 53 15
shrinkage=0.0984825


Tree=4
num_leaves=20
num_cat=0
split_feature=5 3 3 3 3 11 11 3 5 3 3 5 3 5 11 11 11 5 3
split_gain=11.1074 7.83972 1.2495 1.00205 1.81998 0.791568 1.41054 2.23139 0.728846 0.534745 1.29313 0.910758 1.819 0.511899 0.383078 0.591217 0.319276 0.0787584 0.0682753
threshold=6.5000000000000009 752.00000000000011 642.00000000000011 497.00000000000006 473.50000000000006 18.000000000000004 14.000000000000002 505.50000000000006 4.5000000000000009 667.50000000000011 567.50000000000011 4.5000000000000009 497.00000000000006 7.5000000000000009 1.0000000180025095e-35 26.000000000000004 6.0000000000000009 2.5000000000000004 477.00000000000006
decision_type=10 8 10 8 10 2 2 8 10 8 10 10 10 10 2 2 2 10 10
left_child=1 5 3 4 14 6 9 -8 -3 10 11 17 -13 -4 -2 -16 -12 -1 -7
right_child=2 8 13 -5 -6 18 7 -9 -10 -11 16 12 -14 -15 15 -17 -18 -19 -20
leaf_value=-0.078212133725538133 -0 0.1900649265392286 0.060783651723355564 -0.098350624113265478 0.03990105626837482 -0.051170871369626086 0.21685120840112335 -0 0 -0.054939516106234917 0 0.12228338080884268 -0.035637012872981016 -0.024136023565559953 -0.10245763319551075 -0 0.14712615191212766 -0 -0
leaf_weight=1.1622836589813212 0.75001347064971691 4.2339108288288125 1.08049789071083 5.8156665116548547 1.8872610479593275 0.75862203538417949 0.88612051308155027 0.75214312970638275 0.87341016530990589 0.88104291260242451 1.0289046466350553 1.232683330774307 0.69508625566959392 1.4022865146398542 2.5016672909259801 0.74729993939399708 0.797891765832901 0.82697324454784404 1.5566409081220625
leaf_count=6 4 18 5 34 10 4 4 4 4 5 5 6 4 7 14 4 4 4 8
internal_value=0 0.69175 -0.52055 -0.659342 -0.212975 0.132494 0.316528 1.15694 1.71771 0.00834315 0.207835 -0 0.344764 0 -0.662812 -0.810068 0.909959 -0.578229 -0.249482
internal_weight=0 15.6857 14.1847 11.7019 5.88624 10.5784 8.26313 1.63826 5.10732 6.62487 5.74382 3.91703 1.92777 2.48278 3.99898 3.24897 1.8268 1.98926 2.31526
internal_count=154 76 78 66 32 54 42 8 22 34 29 20 10 12 22 18 9 10 12
shrinkage=0.0984825


Tree=5
num_leaves=15
num_cat=0
split_feature=1 4 1 1 1 4 4 4 4 1 4 1 1 4
split_gain=6.28342 4.20007 1.49356 1.10663 4.0558 2.45331 1.67864 0.985819 0.734418 0.601664 1.45915 0.406588 0.859772 0.13255
threshold=587.50000000000011 94.65000000000002 333.50000000000006 353.50000000000006 307.00000000000006 82.15000000000002 82.90000000000002 77.90000000000002 87.850000000000009 333.50000000000006 89.450000000000017 521.50000000000011 546.50000000000011 71.65000000000002
decision_type=8 2 10 10 10 2 2 2 2 10 2 8 10 2
left_child=1 3 -3 4 -1 7 -6 13 -2 -8 -11 -7 -13 -5
right_child=8 2 -4 5 6 11 9 -9 -10 10 -12 12 -14 -15
leaf_value=-0.086343285862051034 0.1132824637121241 -0 0.11459042752496254 -0 -0.032453274265966989 -0.1020024895301191 0.1353273987516771 0.065983884829651757 0 0.11717510038176793 -0.047076005645100796 0.029224589369257991 -0.07760237264142951 -0.062093280894366984
leaf_weight=3.5976535677909949 4.3636473566293708 0.97897912561893408 2.4254535138607025 0.74959312379360132 0.67830894887447357 6.9614873081445667 1.8026121109724047 1.6016118377447126 1.5291512757539747 0.85573363304138161 0.82275652885437012 0.78875647485256306 1.2444734871387479 0.92709803581237793
leaf_count=20 19 5 12 4 4 42 8 8 7 4 5 4 7 5
internal_value=0 -0.225725 0.731171 -0.420989 -0.0312806 -0.61498 0.550167 0 0.926305 0.903441 0.0098345 -0.887207 -0.0630631 -0.382381
internal_weight=0 23.4345 3.40443 20.0301 7.75706 12.273 4.15941 3.2783 5.8928 3.4811 1.67849 8.99472 2.03323 1.67669
internal_count=154 128 17 111 41 70 21 17 26 17 9 53 11 9
shrinkage=0.0984825


Tree=6
num_leaves=18
num_cat=0
split_feature=1 4 11 11 4 4 11 11 4 1 4 1 1 1 1 4 11
split_gain=9.47282 6.39546 3.17793 0.830371 0.789832 1.38932 0.767593 1.30485 0.399149 0.510032 0.385003 0.248741 0.185157 0.581161 0.172668 0.0665832 0.0238901
threshold=587.50000000000011 95.250000000000014 14.000000000000002 14.000000000000002 84.450000000000017 77.90000000000002 18.000000000000004 1.0000000180025095e-35 92.750000000000014 521.50000000000011 87.850000000000009 546.50000000000011 350.50000000000006 314.50000000000006 770.00000000000011 96.750000000000014 14.000000000000002
decision_type=8 2 2 2 2 2 2 2 2 8 2 10 8 10 8 2 2
left_child=1 4 10 15 5 -1 7 -7 9 -6 -2 -11 13 -10 -4 -3 -9
right_child=2 3 14 -5 8 6 -8 16 12 11 -12 -13 -14 -15 -16 -17 -18
leaf_value=-0.09053816570529076 0.17456103905588038 0.028049756354803869 0.034002038010315538 0.16066856652352624 -0.088246656077219543 -0.028892615998935417 -0.048827248295483072 0.10057218087985965 -0.043051316362340677 0.00094116449570869455 0 -0.05221863300874402 -0.046144172409958974 0.061017667080365101 -0.01705222110720165 -0 0
leaf_weight=1.634207963943491 3.4034914076328269 0.79586578905582372 1.1158577650785448 1.3424985259771345 9.2146361470222438 0.66198697686195407 0.83460254967212655 1.738275408744812 0.79692219197750036 0.96546985208988245 0.87530004978179921 0.84797610342502594 0.8188004046678542 1.0626320689916608 1.1412850320339201 0.83294542133808125 1.009318545460701
leaf_count=9 14 4 5 6 55 4 5 9 5 5 4 5 5 5 5 4 5
internal_value=0 -0.314049 1.04989 0.971842 -0.542889 -0.0932076 0.0819117 0.411034 -0.688861 -0.790719 1.55412 -0 -0.0309651 0 0 0.0236968 0.810074
internal_weight=0 22.5561 6.53593 2.97131 19.5848 5.87839 4.24418 3.40958 13.7064 11.0281 4.27879 1.81345 2.67835 1.85955 2.25714 1.62881 2.74759
internal_count=154 126 28 14 112 32 23 18 80 65 18 10 15 10 10 8 14
shrinkage=0.0984825


Tree=7
num_leaves=22
num_cat=0
split_feature=2 9 9 9 9 9 9 7 2 9 9 9 9 2 9 9 9 9 9 9 9
split_gain=3.68727 2.01866 0.858855 0.773325 0.742403 0.35286 0.307701 0.299069 0.941237 0.642333 1.69354 1.19521 0.290562 0.264724 0.133589 0.618026 0.255562 0.229008 0.0920844 0.0290591 0.000190658
threshold=1.5000000000000002 28.239234809643353 27.055397463330955 24.779797286779502 25.284231394756052 22.808320267248302 26.616242746557404 1.0000000180025095e-35 2.5000000000000004 23.139875858086153 24.121511688575904 21.623048014784306 24.698371538919453 2.5000000000000004 22.990528146840806 21.920318345831504 22.808320267248302 20.368035627060003 23.499425700621455 18.367845299884653 24.041040651379653
decision_type=8 8 8 10 8 10 10 2 8 10 8 10 10 10 10 10 10 10 10 8 10
left_child=3 2 4 5 7 -1 13 8 9 11 -11 -2 14 -6 15 17 -17 19 -16 -9 -20
right_child=1 -3 -4 -5 6 -7 -8 12 -10 10 -12 -13 -14 -15 18 16 -18 -19 20 -21 -22
leaf_value=0.057069651327864401 0.054867594506087441 0.067195330351047924 -0.090748339916019674 0.14763414833645794 0.054069133720863728 -0 -0 -0.02069224183178843 -0.073372140694962451 0.15617868040829749 -0 -0.076898013990642278 0 -0 -0.091038379575790793 0.047843705922851892 -0 -0.062033761184496133 0 0 -0.0012566570744921787
leaf_weight=1.1030197739601169 1.155583932995808 2.74177262187004 1.7335453778505314 1.8992879241704939 2.4342105090618129 0.93167626857757568 0.96302750706672635 0.62180431187152696 1.3599336594343183 0.9584369361400602 0.93013371527194977 1.3170420974493025 1.2668395936489112 0.7246319055557251 1.7422507107257845 1.1592936366796496 1.0216946750879285 2.2449532598257065 0.71008239686489083 0.80620211362838756 1.1345136463642118
leaf_count=5 6 13 10 8 12 5 5 4 9 4 5 8 7 4 10 6 6 12 4 4 7
internal_value=0 -0.0742285 -0.196674 0.953077 -0.103218 0.119911 0.203552 -0.218966 -0 0.194381 0.64807 -0 -0.318297 0.387582 -0.381464 -0.119981 0.109615 -0.426952 -0.627759 -0 -0
internal_weight=0 25.026 22.2842 3.93398 20.5506 2.0347 4.12187 16.4288 5.72113 4.3612 1.88857 2.47263 10.7076 3.15884 9.44079 5.85395 2.18099 3.67296 3.58685 1.42801 1.8446
internal_count=154 136 123 18 113 10 21 92 32 23 9 14 60 16 53 32 12 20 21 8 11
shrinkage=0.0984825


Tree=8
num_leaves=13
num_cat=0
split_feature=1 2 3 1 1 3 1 3 0 1 3 3
split_gain=7.32666 2.60524 2.47913 2.6177 1.51025 1.06317 0.70866 0.197104 0.543333 0.0488738 0.143806 0.0309256
threshold=587.50000000000011 1.5000000000000002 492.50000000000006 300.00000000000006 307.00000000000006 471.00000000000006 380.00000000000006 752.00000000000011 1.0000000180025095e-35 307.00000000000006 455.50000000000006 752.00000000000011
decision_type=10 10 10 8 10 10 10 10 10 10 8 10
left_child=1 4 3 -3 -1 9 -7 8 -4 -5 -11 -2
right_child=11 2 7 5 -6 6 -8 -9 -10 10 -12 -13
leaf_value=-0.0217489492952724 0 -0.097171854421715012 -0.088099711889768173 0.0014168853883352551 0.084074427626858628 0.111367648976895 -0 -0 0 0 -0.048459163554623125 0.1240258526187633
leaf_weight=1.2224607467651432 0.87080198526382335 2.2759639918804178 9.845254689455027 2.0957416892051706 2.5685894191265106 1.6362655311822893 0.74604372680187214 0.81365098059177476 0.72136193513870306 1.3973050862550738 0.75753663480281819 3.1627283841371536
leaf_count=6 4 14 63 10 12 8 4 4 4 8 4 13
internal_value=0 -0.324123 -0.480313 -0.00925102 0.342772 0.234647 0.769007 -0.792342 -0.83341 -0 -0.148669 1.11314
internal_weight=0 24.0802 20.2891 8.90886 3.79105 6.63289 2.38231 11.3803 10.5666 4.25058 2.15484 4.03353
internal_count=154 137 119 48 18 34 12 71 67 22 12 17
shrinkage=0.0984825


Tree=9
num_leaves=17
num_cat=0
split_feature=1 2 3 1 4 4 4 2 4 3 4 4 4 1 3 3
split_gain=6.15117 3.26996 2.56497 1.94836 1.66633 1.54469 1.22908 1.1307 1.22753 1.37678 0.894411 1.41488 0.379524 0.347111 0.122137 0.116112
threshold=587.50000000000011 1.5000000000000002 505.50000000000006 290.00000000000006 95.250000000000014 87.850000000000009 88.300000000000026 2.5000000000000004 85.850000000000009 486.50000000000006 72.950000000000017 55.45000000000001 89.450000000000017 387.00000000000006 471.00000000000006 512.00000000000011
decision_type=8 10 10 8 2 2 2 10 2 10 2 2 2 10 10 8
left_child=1 6 3 -3 -4 10 15 8 13 -10 11 -2 14 -5 -9 -1
right_child=5 2 4 7 -6 -7 -8 12 9 -11 -12 -13 -14 -15 -16 -17
leaf_value=-0.038776992778757714 0.10015512055987345 -0.090778866656990545 -0.10089910684977825 -0.053161890098207418 0 -0 0.090915989179482987 -0.0065424739683575851 0.14517984750812465 -0 0.14507544430821623 -0.019820194380204138 -0.063367975845441279 0.03236059952585444 0.038484160546611877 0
leaf_weight=0.71250225603581052 1.4315416514873498 1.9960595369338996 7.7489658147096616 0.8618734627962118 1.1589145958423612 0.83818691968917824 2.4386587738990784 0.55942799150943778 1.7445801049470904 0.76971876621246316 3.1378812491893768 1.1266649067401884 1.0881561040878294 0.75401732325553883 0.74617545306682576 0.8672444373369218
leaf_count=4 6 13 52 5 6 4 11 4 8 4 13 5 7 4 4 4
internal_value=0 -0.268726 -0.475038 -0.00397525 -0.852861 0.83669 0.465937 0.183763 0.551254 0.988753 1.03531 0.240839 -0.188205 -0 0 -0
internal_weight=0 21.4463 17.4279 8.52001 8.90788 6.53427 4.01841 6.52395 4.13019 2.5143 5.69609 2.55821 2.39376 1.61589 1.3056 1.57975
internal_count=154 126 107 49 58 28 19 36 21 12 24 11 15 9 8 8
shrinkage=0.0984825


Tree=10
num_leaves=18
num_cat=0
split_feature=2 6 9 6 9 9 6 9 9 9 9 9 9 9 6 9 9
split_gain=3.81401 1.63772 2.04268 1.32469 0.471599 0.50554 0.684518 0.449505 0.27856 0.275006 0.266022 0.230526 0.22137 0.152226 0.0570424 0.0421054 0.00516483
threshold=1.5000000000000002 73.500000000000014 28.506244449405955 78.500000000000014 26.361391938765802 21.920318345831504 75.500000000000014 19.208580068280302 24.443130035462755 23.389901919800653 24.845801290927604 23.499425700621455 24.121511688575904 25.137003482792355 78.500000000000014 22.943809799759155 17.579857788892404
decision_type=8 2 8 2 8 10 2 10 10 10 10 10 10 10 2 10 8
left_child=3 8 4 -1 5 7 11 16 -2 15 12 -7 -11 -13 -12 -8 -3
right_child=1 2 -4 -5 -6 6 9 -9 -10 10 14 13 -14 -15 -16 -17 -18
leaf_value=0.13816103999062984 0 -0.0090997690545452214 0.05220934514025851 0 -0.10113465173001879 -0.081580993597939494 0 -0.08130708471337586 0.07601496262704556 -0 -0.002905744033369313 0.0040318067993313248 -0.065755439474403696 -0.042308552793043658 0.017068148413313236 0.045249082795820121 0
leaf_weight=2.1764407008886368 1.2777028530836134 0.56850408017636289 1.9964571297168718 1.6151164621114729 2.083034135401248 1.5599672794342034 2.3160719797015177 3.3703823238611221 1.411471754312515 1.3446109890937807 1.1534887999296191 0.73934476077556577 1.2313461676239965 0.78132204711437214 1.828154884278774 1.0972021147608755 0.81094504892826091
leaf_count=9 7 4 10 8 12 10 13 21 7 8 7 4 9 5 10 6 4
internal_value=0 -0.182483 -0.29657 0.889762 -0.418327 -0.303163 -0.122175 -0.6255 0.462912 0 -0.117925 -0.526771 -0.36278 -0 0 0.239098 -0
internal_weight=0 23.57 20.8808 3.79156 18.8844 16.8013 12.0515 4.74983 2.68917 8.97087 5.5576 3.08063 2.57596 1.52067 2.98164 3.41327 1.37945
internal_count=154 137 123 17 113 101 72 29 14 53 34 19 17 9 17 19 8
shrinkage=0.0984825


end of trees

feature importances:
BMIX4=43
Choice_reaction_time_Ex5=35
Simple_reaction_time_Ex5=27
CASIX4=26
new_BM_frequency=13
Olfaction_complete_Ex5_Ex4=13
ECGage=11
Coffee_oz_Ex1=10
new_smoke=2
Sleepy_complete=1

parameters:
[boosting: gbdt]
[objective: binary]
[metric: auc]
[tree_learner: serial]
[device_type: cpu]
[data: ]
[valid: ]
[num_iterations: 100]
[learning_rate: 0.0984825]
[num_leaves: 25]
[num_threads: 4]
[max_depth: 39]
[min_data_in_leaf: 4]
[min_sum_hessian_in_leaf: 0.001]
[bagging_fraction: 0.827927]
[pos_bagging_fraction: 1]
[neg_bagging_fraction: 1]
[bagging_freq: 1]
[bagging_seed: 3]
[feature_fraction: 0.45368]
[feature_fraction_bynode: 1]
[feature_fraction_seed: 2]
[early_stopping_round: 0]
[first_metric_only: 0]
[max_delta_step: 0]
[lambda_l1: 0.633939]
[lambda_l2: 0.0364375]
[min_gain_to_split: 0]
[drop_rate: 0.1]
[max_drop: 50]
[skip_drop: 0.5]
[xgboost_dart_mode: 0]
[uniform_drop: 0]
[drop_seed: 4]
[top_rate: 0.2]
[other_rate: 0.1]
[min_data_per_group: 100]
[max_cat_threshold: 32]
[cat_l2: 10]
[cat_smooth: 10]
[max_cat_to_onehot: 4]
[top_k: 20]
[monotone_constraints: ]
[feature_contri: ]
[forcedsplits_filename: ]
[forcedbins_filename: ]
[refit_decay_rate: 0.9]
[cegb_tradeoff: 1]
[cegb_penalty_split: 0]
[cegb_penalty_feature_lazy: ]
[cegb_penalty_feature_coupled: ]
[verbosity: 1]
[max_bin: 122]
[max_bin_by_feature: ]
[min_data_in_bin: 3]
[bin_construct_sample_cnt: 200000]
[histogram_pool_size: -1]
[data_random_seed: 1]
[output_model: LightGBM_model.txt]
[snapshot_freq: -1]
[input_model: ]
[output_result: LightGBM_predict_result.txt]
[initscore_filename: ]
[valid_data_initscores: ]
[pre_partition: 0]
[enable_bundle: 1]
[max_conflict_rate: 0]
[is_enable_sparse: 1]
[sparse_threshold: 0.8]
[use_missing: 1]
[zero_as_missing: 0]
[two_round: 0]
[save_binary: 0]
[header: 0]
[label_column: ]
[weight_column: ]
[group_column: ]
[ignore_column: ]
[categorical_feature: ]
[predict_raw_score: 0]
[predict_leaf_index: 0]
[predict_contrib: 0]
[num_iteration_predict: -1]
[pred_early_stop: 0]
[pred_early_stop_freq: 10]
[pred_early_stop_margin: 10]
[convert_model_language: ]
[convert_model: gbdt_prediction.cpp]
[num_class: 1]
[is_unbalance: 0]
[scale_pos_weight: 1]
[sigmoid: 1]
[boost_from_average: 1]
[reg_sqrt: 0]
[alpha: 0.9]
[fair_c: 1]
[poisson_max_delta_step: 0.7]
[tweedie_variance_power: 1.5]
[max_position: 20]
[lambdamart_norm: 1]
[label_gain: ]
[metric_freq: 1]
[is_provide_training_metric: 0]
[eval_at: ]
[multi_error_top_k: 1]
[num_machines: 1]
[local_listen_port: 12400]
[time_out: 120]
[machine_list_filename: ]
[machines: ]
[gpu_platform_id: -1]
[gpu_device_id: -1]
[gpu_use_dp: 0]

end of parameters

pandas_categorical:[]
