tree
version=v3
num_class=1
num_tree_per_iteration=1
label_index=0
max_feature_idx=11
objective=binary sigmoid:1
feature_names=Sleepy_complete Simple_reaction_time_Ex5 new_BM_frequency Choice_reaction_time_Ex5 CASIX4 Olfaction_complete_Ex5_Ex4 ECGage new_smoke TBI_LOC BMIX4 HYPBP1 Coffee_oz_Ex1
feature_infos=[0:1] [1:1347] [0:4] [1:1812] [7.5:99] [0:12] [72:90] [0:2] [0:1] [14.6411231134028:39.3445072771772] [0:1] [0:64]
tree_sizes=1431 1711 1378 2042 1870 1751 2084 1889 1137 1498 1372 2018 1452 941 1628 1736

Tree=0
num_leaves=13
num_cat=0
split_feature=5 3 5 6 3 1 1 3 6 3 8 5
split_gain=23.4781 7.76119 2.72642 2.70419 2.67636 3.72927 2.24419 1.9648 2.2531 1.51284 1.00906 0.752375
threshold=2.5000000000000004 477.00000000000006 4.5000000000000009 75.500000000000014 507.00000000000006 307.00000000000006 546.50000000000011 384.50000000000006 79.500000000000014 583.50000000000011 1.0000000180025095e-35 8.5000000000000018
decision_type=10 8 10 2 8 10 10 10 2 10 10 10
left_child=1 -1 7 4 5 11 -5 -2 9 -9 -6 -4
right_child=2 -3 3 6 10 -7 -8 8 -10 -11 -12 -13
leaf_value=-1.0418704923859683 -0.83564715576552606 -0.76454234764151519 -0.98722526435433999 -1.1062429046518001 -1.0795706973168155 -0.8170791010228049 -0.98815529310379935 -0.98815529310379935 -1.0862007645806413 -0.83564715576552551 -0.98815529310379935 -1.0682044076390651
leaf_weight=0.79074239730835216 0.79074239730835216 4.7444543838500977 0.98842799663543868 9.6865943670272809 3.7560263872146615 1.3837991952896116 2.3722271919250479 0.98842799663543712 1.7791703939437864 0.79074239730834961 1.3837991952896116 1.1861135959625242
leaf_count=4 4 24 5 49 19 7 12 5 9 4 7 6
internal_value=0 1.75358 -0.509821 -0.666081 -0.149089 0.412566 -0.985009 0.0907478 -0.0692783 0.509236 -0.660564 -0.158348
internal_weight=0 5.5352 25.1061 20.757 8.69817 3.55834 12.0588 4.34908 3.55834 1.77917 5.13983 2.17454
internal_count=155 28 127 105 44 18 61 22 18 9 26 11
shrinkage=1


Tree=1
num_leaves=16
num_cat=0
split_feature=3 2 9 9 9 9 0 9 3 9 3 9 9 2 3
split_gain=9.10539 11.6225 4.65972 6.95295 3.51667 2.56866 1.26419 1.77273 3.29859 1.65422 0.84879 0.632401 1.78177 0.383583 0.0571458
threshold=752.00000000000011 1.5000000000000002 26.966718783655804 21.949818367404454 23.854218564093504 20.024929616571104 1.0000000180025095e-35 25.620767387489053 497.00000000000006 24.720061664384101 526.00000000000011 20.814876975935501 19.838336850560154 2.5000000000000004 562.50000000000011
decision_type=8 8 10 8 10 10 10 10 10 10 10 10 10 10 10
left_child=1 10 3 5 11 -2 7 8 -6 -10 -1 12 -3 -9 -11
right_child=2 4 -4 -5 6 -7 -8 13 9 14 -12 -13 -14 -15 -16
leaf_value=0.034424541302235379 0.13788061391160902 -0.097290024915041198 -0.018922478865301313 0.24070502279216327 0.13268802131643756 -0.083011227411423499 0.087929192161350339 -0.084859739770368259 -0.099671538335896773 0.030331321123288641 0.22943657204749665 -0.11236768036909754 0.028303288886168801 -0 -0
leaf_weight=1.3688350021839206 0.82309857010841314 1.8950760215520879 1.3845442980527876 3.1625712662935257 1.582444101572033 1.2075681239366529 1.0157441496849067 3.4325779974460602 1.9350225776433949 0.79890760779380765 1.4159157425165174 7.5534788519144058 1.4027363806962965 0.7800089269876479 0.77960112690925598
leaf_count=7 4 10 7 15 8 6 5 18 10 4 7 39 7 4 4
internal_value=0 -0.254853 1.06841 1.52469 -0.530752 0 -0.0453479 -0.218642 0.0730225 -0.330268 1.59817 -0.932659 -0.258102 -0.718265 0.116959
internal_weight=0 23.9603 6.57778 5.19324 21.1756 2.03067 10.3243 9.30856 5.09598 3.51353 2.78475 10.8513 3.29781 4.21259 1.57851
internal_count=155 123 32 25 109 10 53 48 26 18 14 56 17 22 8
shrinkage=0.0984825


Tree=2
num_leaves=13
num_cat=0
split_feature=5 2 9 9 9 0 9 5 9 9 9 9
split_gain=13.9691 5.94954 2.12921 2.02521 2.96422 1.2946 1.1139 0.772039 0.706004 0.56342 0.236766 1.6402e-05
threshold=4.5000000000000009 1.5000000000000002 23.335955036481206 23.854218564093504 24.074925353123103 1.0000000180025095e-35 21.224656804812753 2.5000000000000004 24.796083049791452 22.099693875181256 20.311745579689802 24.366004387319752
decision_type=10 8 8 10 8 8 10 10 10 10 10 10
left_child=2 -2 6 -3 -5 7 10 -4 11 -8 -1 -6
right_child=1 3 5 4 8 -7 9 -9 -10 -11 -12 -13
leaf_value=0 0.12031668870990843 -0.10026835173116895 0.13715302721224232 0.13472451065973856 -0 0.237930117046111 -0.073375603045196067 0.018610750893007014 -0.061722820116673384 0 0.12681288715564118 0.00039393546649113412
leaf_weight=1.0771087706089031 1.6405228227376962 8.7788098752498644 2.1803072988986978 0.82847352325916013 1.1449128687381747 1.587568327784538 1.0136628299951556 2.7632286101579666 6.4563734531402588 1.0074669420719145 0.84323002398014046 0.98865990340709675
leaf_count=5 8 48 10 4 6 7 5 14 34 5 4 5
internal_value=0 -0.457779 0.966174 -0.646095 -0.229685 1.34109 0.178971 0.853456 -0.462393 -0.0973734 0.790187 0
internal_weight=0 19.8378 10.4726 18.1972 9.41842 6.5311 3.94147 4.94354 8.58995 2.02113 1.92034 2.13357
internal_count=155 105 50 97 49 31 19 24 45 10 9 11
shrinkage=0.0984825


Tree=3
num_leaves=20
num_cat=0
split_feature=3 6 9 9 9 9 9 6 4 4 6 4 9 6 4 9 6 4 3
split_gain=5.46367 2.5311 2.19866 1.87042 1.70522 1.66523 2.36234 0.999966 1.38803 2.41588 4.34496 1.95627 3.61772 1.32362 0.867274 0.754121 0.217533 0.152013 0.0639318
threshold=768.00000000000011 79.500000000000014 21.224656804812753 23.202085603798754 20.436437811964101 28.239234809643353 21.949818367404454 72.500000000000014 97.750000000000014 91.200000000000017 74.500000000000014 84.450000000000017 25.735646841828352 77.500000000000014 97.200000000000017 19.208580068280302 78.500000000000014 87.200000000000017 653.50000000000011
decision_type=8 2 10 10 10 10 8 2 2 2 2 2 10 2 2 10 2 2 10
left_child=1 3 18 4 15 6 -2 -5 9 11 -11 12 13 -9 -6 -1 -12 -13 -3
right_child=5 2 -4 7 14 -7 -8 8 -10 10 16 17 -14 -15 -16 -17 -18 -19 -20
leaf_value=-0.031353690723477864 -0 -0.0075418932440681451 -0.11649260744132141 -0.063352287471903801 -0.10899963794607123 -0 0.15148550516698778 -0.081127250648250937 -0.061743585881147284 0.21988134223103806 -0.044050161754774379 -0.080820155796460583 0.18948361250829818 0.058204844324279977 0 0.078129440016130522 0.026895629092708269 -0 0.025512859926222344
leaf_weight=0.67538861930371297 1.4150231033563603 1.2912770658731454 4.5758804529905319 0.93435414135455985 3.3635572195053101 1.007812902331352 3.2608989030122757 1.2891701310873003 0.93065245449543077 1.7010705471038821 0.73993764817714669 1.3020555078983309 1.2668267786502836 1.1775766164064405 0.70535920560359933 1.0471278131008146 0.7975996881723405 1.7474056929349897 0.80015251040458657
leaf_count=4 7 7 25 5 19 5 14 7 5 8 4 7 6 6 4 5 4 9 4
internal_value=0 -0.267155 -0.796681 -0.0304297 -0.522732 0.812273 1.07437 0.157126 0.285007 0.434687 1.14803 0 0.565788 -0 -0.896249 0 -0 -0.492804 0
internal_weight=0 24.3454 6.66731 17.6781 5.79143 5.68373 4.67592 11.8866 10.9523 10.0216 3.23861 6.78303 3.73357 2.46675 4.06892 1.72252 1.53754 3.04946 2.09143
internal_count=155 129 36 93 32 26 21 61 56 51 16 35 19 13 23 9 8 16 11
shrinkage=0.0984825


Tree=4
num_leaves=18
num_cat=0
split_feature=5 3 11 11 3 5 3 5 3 5 3 3 3 11 11 3 3
split_gain=8.63284 5.27654 1.56568 1.21066 1.4478 1.03799 0.86763 2.76333 2.01585 1.64919 1.36928 1.00718 0.440207 0.291419 0.141543 0.106493 0.0197029
threshold=6.5000000000000009 752.00000000000011 34.000000000000007 14.000000000000002 489.00000000000006 7.5000000000000009 507.00000000000006 2.5000000000000004 446.50000000000006 1.5000000000000002 653.50000000000011 680.00000000000011 472.50000000000006 22.000000000000004 10.000000000000002 432.50000000000006 589.00000000000011
decision_type=10 8 2 2 8 10 8 10 10 10 10 10 10 2 2 10 8
left_child=1 2 6 4 12 14 7 -1 -9 -8 -11 -12 15 -3 16 -2 -6
right_child=3 13 -4 -5 5 -7 9 8 -10 10 11 -13 -14 -15 -16 -17 -18
leaf_value=-0.04711081569130874 0.01750562396527423 0.15029226424089548 -0.079966437856862402 -0.09476857912588818 0.031083916940651189 -0.0831811070607687 0.086076206260151958 -0 0.17364153909496036 -0.072729357352377441 0.10562310700661304 -0.00051577871213663151 0.077381266437684254 0 -0.032871380586676498 -0.032745891897841196 0
leaf_weight=0.75458028912544739 0.82621155679225666 4.4780213981866828 1.2843043655157078 4.902292773127555 0.77899233996868222 3.5477378219366074 1.77827936410904 0.79008483886718783 1.9847242534160612 2.8469787091016769 0.89096163213253055 1.1788306087255476 1.0389673560857771 0.89501924812793732 0.68174302577972401 0.6802479475736618 0.7213580757379533
leaf_count=4 4 19 7 28 4 20 8 4 10 16 4 6 5 4 4 4 4
internal_value=0 0.547347 0.103068 -0.526106 -0.188354 -0.513244 0.282267 0.687449 1.23207 0 -0.230381 0.168233 0.29437 1.37467 0 -0 0.200098
internal_weight=0 16.8818 11.5087 13.1776 8.27526 5.72983 10.2244 3.52939 2.77481 6.69505 4.91677 2.06979 2.54543 5.37304 2.18209 1.50646 1.50035
internal_count=155 82 59 73 45 32 52 18 14 34 26 10 13 23 12 8 8
shrinkage=0.0984825


Tree=5
num_leaves=17
num_cat=0
split_feature=1 4 4 1 1 4 4 4 4 4 4 1 1 1 1 1
split_gain=5.74044 2.67716 2.34181 1.04766 3.38911 1.26349 1.94894 0.593324 1.06549 0.431512 0.428177 0.363532 0.274501 0.586109 0.150711 0.0484676
threshold=587.50000000000011 93.450000000000017 97.750000000000014 322.00000000000006 332.50000000000006 81.65000000000002 78.850000000000009 91.200000000000017 86.050000000000026 74.90000000000002 94.200000000000017 573.50000000000011 407.50000000000006 387.00000000000006 475.00000000000006 521.50000000000011
decision_type=8 2 2 10 8 2 2 2 2 2 2 10 10 10 10 10
left_child=1 3 10 -1 -5 6 14 8 9 -2 -3 12 13 -7 -6 -14
right_child=7 2 -4 4 5 11 -8 -9 -10 -11 -12 -13 15 -15 -16 -17
leaf_value=-0.10740163784764303 0.011552533490436756 0 -0.065263766640201851 0.10607945764973406 -0 -0.056340582028260283 0.064680128246694238 0.17183590499099483 -0.0014073024251000288 0.10509822882140354 0.11312656564129608 -0 -0.1100093012352957 0 -0.088217433361909944 -0
leaf_weight=3.2773036509752371 2.9636219739913932 1.1474075913429254 1.0449440032243726 1.2905718088149996 0.91101963818073406 2.1115211397409408 2.0414739400148392 0.94656677544116963 1.1667938828468321 2.3801284283399582 2.0414432436227798 0.74502517282962866 4.0433792769908905 0.96691194176673889 1.463255316019058 1.1310763061046598
leaf_count=19 13 6 6 6 5 12 10 4 6 11 10 4 24 5 8 6
internal_value=0 -0.305089 0.323426 -0.488612 -0.309078 -0.49214 -0 0.702304 0.445034 0.662572 0.846953 -0.707416 -0.76764 -0.193712 -0.660796 -0.983688
internal_weight=0 22.2153 4.23379 17.9815 14.7042 13.4137 4.41575 7.45711 6.51054 5.34375 3.18885 8.99791 8.25289 3.07843 2.37427 5.17446
internal_count=155 121 22 99 80 74 23 34 30 24 16 51 47 17 13 30
shrinkage=0.0984825


Tree=6
num_leaves=21
num_cat=0
split_feature=11 1 11 1 1 4 4 4 1 1 1 4 4 4 4 4 1 1 1 4
split_gain=4.90434 2.39197 1.32908 1.29759 1.99195 2.00538 1.9891 2.66914 2.25199 1.58677 1.16071 0.840029 0.838016 0.655464 0.599262 0.436685 0.182299 0.148152 0.132172 0.121262
threshold=18.000000000000004 587.50000000000011 1.0000000180025095e-35 425.50000000000006 307.00000000000006 76.600000000000009 86.450000000000017 91.200000000000017 387.00000000000006 512.50000000000011 573.50000000000011 96.200000000000017 80.90000000000002 75.800000000000026 96.200000000000017 89.850000000000009 404.50000000000006 265.50000000000006 342.50000000000006 84.450000000000017
decision_type=2 10 2 10 8 2 2 2 10 10 10 2 2 2 2 2 10 10 8 2
left_child=1 3 -3 4 17 -6 8 16 -7 13 11 -2 -11 -5 -9 -14 18 -1 -8 -19
right_child=10 2 -4 9 5 6 7 14 -10 12 -12 -13 15 -15 -16 -17 -18 19 -20 -21
leaf_value=0 -0.11138540703863015 0.19520033797667746 0.013636393389042668 0 -0.038903587131541288 0.18416553606586894 -0 0.1039227669757123 -0 0.094366761538980368 0 0 -0.063023556754177867 -0.099292408823185879 0 0.0056110403217290734 0 -0 -0.071501590090024797 -0.0722071674479111
leaf_weight=0.71724098920822976 4.4582746773958197 1.1769738197326653 1.9449713230133054 0.69917000830173437 1.3341045975685126 2.3134845644235598 0.80039279162883825 2.8507918119430546 0.77046599984168995 0.90567672252655052 1.2271186709403989 0.73025812208652485 1.0226554125547407 2.5989995151758194 0.72880870103836037 0.87327106297016133 0.68863447010517109 0.87937350571155581 1.2648505121469495 1.1976684033870695
leaf_count=4 27 5 9 4 6 10 4 14 4 4 6 4 6 16 4 4 4 5 8 7
internal_value=0 0.225097 1.04907 0.060247 0.258174 0.481705 0.674006 0.223467 1.3827 -0.274903 -0.762257 -0.969352 0.0975354 -0.778985 0.850517 -0 -0.364868 -0.373085 -0.513311 -0.506486
internal_weight=0 22.7675 3.12195 19.6456 13.5458 10.7515 9.41743 6.33348 3.08395 6.09977 6.41565 5.18853 2.8016 3.29817 3.5796 1.89593 2.75388 2.79428 2.06524 2.07704
internal_count=155 118 14 104 70 54 48 34 14 34 37 31 14 20 18 10 16 16 12 12
shrinkage=0.0984825


Tree=7
num_leaves=18
num_cat=0
split_feature=2 9 9 2 9 9 9 9 9 9 9 9 9 9 9 9 9
split_gain=5.49427 0.983302 1.70742 1.02079 0.628082 0.6158 0.479726 1.27697 0.30244 0.47197 0.278953 0.211112 0.201053 0.162538 0.102058 0.0228369 0.0962668
threshold=1.5000000000000002 25.124080134986503 25.453814841879854 2.5000000000000004 24.796083049791452 29.442261173011556 23.335955036481206 22.285899013715952 17.613299414472703 21.490531511012652 21.949818367404454 28.239234809643353 23.854218564093504 23.854218564093504 24.366004387319752 26.588434586024402 25.853817490020603
decision_type=8 8 10 8 10 10 8 10 10 10 8 10 10 10 10 10 10
left_child=-1 3 -3 4 6 11 7 8 -2 -10 -11 15 -5 -8 -15 16 -4
right_child=1 2 5 12 -6 -7 13 -9 9 10 -12 -13 -14 14 -16 -17 -18
leaf_value=0.1308834671598671 -0.030524068770244921 0.1086901120806104 -0 -0.080393176120607535 -0.077209270099117197 -0.070410783694519946 0.05545799599758261 -0.07224033206769892 0.050174304231379467 -0.053338977028197163 0.013871229405681168 0.039158097781960687 -0 -0.0064538423977155675 0.026384855128637589 -0.0089303894227435055 0.02689688798094262
leaf_weight=2.8384177982807186 0.66367307305336432 1.4261111319065074 1.1164642721414568 3.6777954548597327 1.0989854633808125 1.1716404259204862 1.4366117864847194 2.650775283575058 2.7118296921253204 0.86020632088184323 0.76660855114460003 1.3057279139757154 0.77776800096034993 1.237701863050461 1.309180751442909 2.7408065050840378 1.2541598379611967
leaf_count=13 4 6 6 23 6 7 6 16 14 5 4 7 4 7 6 15 6
internal_value=0 -0.12599 0.0921326 -0.277123 -0.073923 -0.0191833 -0 -0.150921 0.0350714 0.234887 -0 0.0129398 -0.711505 0.275259 0 -0 0
internal_weight=0 26.206 9.01491 17.1911 12.7356 7.5888 11.6366 7.65309 5.00232 4.33864 1.62681 6.41716 4.45556 3.98349 2.54688 5.11143 2.37062
internal_count=155 142 47 95 68 41 62 43 27 23 9 34 27 19 13 27 12
shrinkage=0.0984825


Tree=8
num_leaves=11
num_cat=0
split_feature=2 1 3 1 1 3 3 3 1 1
split_gain=5.6627 5.41204 0.980293 3.42519 1.18556 1.31873 0.676905 0.332613 0.00130105 0.027933
threshold=1.5000000000000002 587.50000000000011 492.50000000000006 342.50000000000006 364.00000000000006 768.00000000000011 645.00000000000011 446.50000000000006 255.50000000000003 307.00000000000006
decision_type=8 8 10 10 10 8 10 10 10 10
left_child=-1 2 3 8 -4 -6 -3 -5 -2 -10
right_child=1 6 4 7 5 -7 -8 -9 9 -11
leaf_value=0.13465341787009749 -0 0 0 0 -0.087322387898223261 0 0.084690251578022874 0.083985806908996596 -0.094347820647985969 -0
leaf_weight=2.7146997451782253 1.0295202136039794 2.6637661010026923 1.9692769944667803 0.68935894221067451 8.9341040998697245 1.0640329271554954 4.0611662119626999 2.3192261606454849 2.234259814023972 0.95335841178894043
leaf_count=12 6 12 11 4 56 5 18 12 14 5
internal_value=0 -0.141485 -0.431371 -0.0374696 -0.615555 -0.75592 0.589964 0.673342 -0.695037 -0.798585
internal_weight=0 25.9181 19.1931 7.22572 11.9674 9.99814 6.72493 3.00859 4.21714 3.18762
internal_count=155 143 113 41 72 61 30 16 25 19
shrinkage=0.0984825


Tree=9
num_leaves=15
num_cat=0
split_feature=1 3 2 1 3 1 2 4 4 4 4 4 4 4
split_gain=4.55301 2.64263 2.57335 3.07982 1.94811 1.801 1.28194 0.552285 1.02752 0.529014 0.369458 0.346604 0.274762 0.183725
threshold=573.50000000000011 589.00000000000011 2.5000000000000004 307.00000000000006 768.00000000000011 429.50000000000006 2.5000000000000004 96.200000000000017 88.950000000000017 92.200000000000017 90.850000000000009 88.950000000000017 85.200000000000017 84.450000000000017
decision_type=8 8 8 10 10 8 8 2 2 2 2 2 2 2
left_child=1 2 3 10 -3 7 -2 8 12 13 -1 -7 -5 -4
right_child=6 4 9 5 -6 11 -8 -9 -10 -11 -12 -13 -14 -15
leaf_value=-0.083815349493183283 0.091266585827245159 -0.10878521375831987 -0 0.046229598188516581 0 0.0063815136590752806 0 0 0.14135066752837486 0 0 -0.056239549259390689 -0 -0.09574480621825443
leaf_weight=1.6749747991561936 5.7076753377914402 4.4720329493284217 1.0116996318101894 1.5693912655115103 0.88479423522949219 0.91277457773685522 2.3232305645942697 0.72394195199012734 3.0148438513278961 0.66698075830936421 0.72370308637619007 1.0141813755035398 0.97551500052213636 2.620943196117878
leaf_count=11 25 29 6 7 4 5 11 4 14 4 4 7 6 18
internal_value=0 -0.211757 0 0.269709 -0.811656 0.601526 0.672753 0.870124 0.976601 -0.644113 -0.597773 -0 0.17504 -0.796544
internal_weight=0 20.2658 14.9089 10.6093 5.35683 8.21065 8.03091 6.28369 5.55975 4.29962 2.39868 1.92696 2.54491 3.63264
internal_count=155 119 86 58 33 43 36 31 27 28 15 12 13 24
shrinkage=0.0984825


Tree=10
num_leaves=13
num_cat=0
split_feature=2 9 9 6 9 6 6 6 2 6 9 6
split_gain=2.21905 1.25566 2.25915 1.719 1.77681 1.54603 1.23596 1.16966 0.720391 0.380627 0.363922 0.0552762
threshold=1.5000000000000002 23.335955036481206 20.814876975935501 83.500000000000014 24.238661247954603 76.500000000000014 80.500000000000014 73.500000000000014 3.5000000000000004 72.500000000000014 23.679356518476954 86.500000000000014
decision_type=8 8 10 2 10 2 2 2 8 2 8 2
left_child=6 2 5 4 8 -2 -1 9 10 -6 -3 -7
right_child=1 3 -4 -5 7 11 -8 -9 -10 -11 -12 -13
leaf_value=0.11869985431497736 0.091175389181250149 0 -0.094915789398164613 0.08764165629073653 -0.031822405388279636 -0.047661202693471301 -0 -0.063206618203739698 -0.026563451964908127 0.042366125620149027 0.071476276184142151 -0
leaf_weight=1.7215131670236616 1.2860723286867162 1.7362125590443636 5.1038232445716858 1.65377977490425 0.66925100982189012 1.9607608616352084 0.82145963609218575 7.3014137893915176 0.64191140234470356 1.6221606433391571 2.5118566304445267 0.75007502734661091
leaf_count=7 6 9 35 8 4 12 4 42 4 8 12 4
internal_value=0 -0.223537 -0.524697 -0.0136917 -0.162511 0 0.714782 -0.438662 0.249779 0 0.477867 -0.387488
internal_weight=0 25.2373 9.10073 16.1366 14.4828 3.99691 2.54297 9.59283 4.88998 2.29141 4.24807 2.71084
internal_count=155 144 57 87 79 22 11 54 25 12 21 16
shrinkage=0.0984825


Tree=11
num_leaves=20
num_cat=0
split_feature=5 5 11 4 4 5 4 9 9 11 11 4 11 4 4 4 4 4 4
split_gain=6.88889 1.15801 0.957868 1.2189 0.863646 0.767552 0.655111 0.654869 1.04488 0.380176 0.35151 0.294546 0.12219 1.15265 0.732074 0.362428 0.0575859 0.0416238 0.0205398
threshold=2.5000000000000004 6.5000000000000009 6.0000000000000009 75.800000000000026 91.200000000000017 10.500000000000002 79.40000000000002 26.717820778856503 23.202085603798754 34.000000000000007 14.000000000000002 69.65000000000002 6.0000000000000009 84.15000000000002 78.850000000000009 91.450000000000017 86.450000000000017 96.200000000000017 82.90000000000002
decision_type=10 10 2 2 2 10 2 10 10 2 2 2 2 2 2 2 2 2 2
left_child=2 9 -1 11 6 7 -3 8 17 12 -10 -4 13 -2 -14 16 18 -6 -16
right_child=1 4 3 -5 5 -7 -8 -9 10 -11 -12 -13 14 -15 15 -17 -18 -19 -20
leaf_value=0 0.096905080528461529 0 0.054342862793523072 0.14535587910701875 0 -0.078282498495178918 -0.093223595242205304 -0.057027255041444624 0.1019777853571032 -0.060353807438016827 0 -0 -0.056187350844940052 -0.0082666007239603195 -0 0.064399825504186645 -0.01681731891066875 -0.025414183522823316 0.01639703195561433
leaf_weight=1.1416827440261865 1.2726460695266726 0.6908300742506962 0.93146266043186166 3.2291693836450577 0.64816716313362144 1.280958443880081 5.0612785518169403 1.0109415501356123 1.5456304401159289 0.97279354184866029 0.67522574961185444 0.88083161413669586 1.9284576922655106 1.1698458865284918 1.1250130087137229 1.0274125784635542 1.3365079462528227 0.6442200243473053 1.337596498429775
leaf_count=6 6 4 4 14 4 8 34 7 7 6 4 4 11 7 5 5 8 4 7
internal_value=0 -0.299781 0.890976 1.07748 -0.518253 -0.105355 -0.822156 0 0.292488 -0 0.771868 0.0094582 0.0111043 0.223049 -0 0.137909 -0 -0.0527947 0.0838018
internal_weight=0 21.7275 6.18315 5.04146 11.5573 5.80514 5.75211 4.52418 3.51324 10.1703 2.22086 1.81229 9.19748 2.44249 6.75499 4.82653 3.79912 1.29239 2.46261
internal_count=155 127 28 22 72 34 38 26 19 55 11 8 49 13 36 25 20 8 12
shrinkage=0.0984825


Tree=12
num_leaves=14
num_cat=0
split_feature=3 8 1 3 1 1 1 1 1 3 3 1 3
split_gain=4.31025 1.12312 1.2919 3.29205 1.2466 0.780958 0.670102 0.82948 0.619141 0.493592 0.39552 0.279045 0.242667
threshold=768.00000000000011 1.0000000180025095e-35 329.50000000000006 492.50000000000006 364.00000000000006 521.50000000000011 769.50000000000011 987.50000000000011 628.00000000000011 446.50000000000006 555.50000000000011 546.50000000000011 503.50000000000006
decision_type=8 10 10 10 10 8 10 8 8 10 8 10 10
left_child=1 2 -1 9 -5 -6 8 -8 -2 -4 12 -7 -3
right_child=6 10 3 4 5 11 7 -9 -10 -11 -12 -13 -14
leaf_value=-0.10586033232629387 0 -0 -0 0 -0.093606919451302312 0 -0.070181451067535247 0.0617864040506724 0.087591547137477715 0.076028184612994237 -0.017005496315879675 -0.034186776363687651 0.064151838290986529
leaf_weight=3.4602389037609198 1.2484456300735463 0.68355441093444813 0.80549490451812689 1.3601793199777592 5.8081515878438923 0.8569488972425473 0.83490835130214658 0.94670510292053245 4.1594451069831848 2.341753676533699 0.6046638935804366 2.4029461294412613 1.4474278986454008
leaf_count=23 6 4 5 7 43 5 4 4 18 12 4 13 7
internal_value=0 -0.357745 -0.462231 -0.257033 -0.558792 -0.704143 0.530021 -0 0.704226 0.53866 0.0617538 -0.0672517 0.422543
internal_weight=0 19.7714 17.0357 13.5755 10.4282 9.06805 7.1895 1.78161 5.40789 3.14725 2.73565 3.2599 2.13098
internal_count=155 123 108 85 68 61 32 8 24 17 15 18 11
shrinkage=0.0984825


Tree=13
num_leaves=9
num_cat=0
split_feature=5 6 5 6 6 6 2 5
split_gain=5.66745 3.20047 1.50216 1.12825 0.190381 0.0977268 0.115882 0.0947023
threshold=3.5000000000000004 76.500000000000014 6.5000000000000009 75.500000000000014 87.500000000000014 87.500000000000014 1.5000000000000002 9.5000000000000018
decision_type=10 2 8 2 2 2 10 10
left_child=3 2 -2 -1 -3 6 -5 -4
right_child=1 4 7 5 -6 -7 -8 -9
leaf_value=-0 0.051805315941824602 -0.082782281967078625 -0 0 -0 0 0.092876641269655835 -0.048814867359390855
leaf_weight=2.2008084803819674 3.8380612134933481 8.1324755251407588 3.0783409774303445 0.91105730831623055 0.8437458351254471 0.82709993422031391 5.1749795377254486 2.0993448868393898
leaf_count=11 19 54 20 4 5 4 24 14
internal_value=0 -0.363419 0 0.59991 -0.786957 0.797629 0.85914 -0.287185
internal_weight=0 17.992 9.01575 9.11395 8.97622 6.91314 6.08604 5.17769
internal_count=155 112 53 43 59 32 28 34
shrinkage=0.0984825


Tree=14
num_leaves=15
num_cat=0
split_feature=5 3 10 3 9 3 3 9 3 9 3 3 9 8
split_gain=5.66478 2.67217 2.14615 0.890544 0.883374 1.46738 0.491981 0.178013 0.174637 0.167024 1.53238 1.18344 0.160197 0.0868784
threshold=3.5000000000000004 515.50000000000011 1.0000000180025095e-35 452.00000000000006 24.319304500440506 492.50000000000006 503.50000000000006 23.679356518476954 969.50000000000011 25.124080134986503 526.00000000000011 541.50000000000011 25.453814841879854 1.0000000180025095e-35
decision_type=10 8 2 10 10 10 10 8 8 10 10 10 10 10
left_child=2 3 7 12 5 -5 -6 -1 9 11 -11 -4 -2 -3
right_child=1 13 8 4 6 -7 -8 -9 -10 10 -12 -13 -14 -15
leaf_value=0.020620368632136048 -0.074294232148614969 -0.089011254861500466 0.019891526432879388 0.10417711326323097 -0.064790709016414663 -0.0030294438905889348 0.0035627556399897742 0.15248912946630061 0.037642817956274048 -0.056243492889218372 0.10973719169474017 -0.090977307697304097 -0 -0.0058720809065967257
leaf_weight=1.5582667887210866 1.3965712338686018 8.630200602114197 0.78956231474876437 2.271048523485661 1.105101600289345 0.56101461499929417 0.91091712564229954 1.7159218639135358 1.1556846648454664 0.88317458331584897 0.95616611838340781 1.5070891827344892 0.80219176411628701 1.8493727594614036
leaf_count=7 11 59 4 11 7 5 5 7 5 5 4 9 5 11
internal_value=0 -0.496386 0.475752 -0 0.21944 0.62353 -0.0403405 1.11193 0 -0.0106113 0 -0.267938 -0.541469 -0.815854
internal_weight=0 17.5264 8.56587 7.04684 4.84808 2.83206 2.01602 3.27419 5.29168 4.13599 1.83934 2.29665 2.19876 10.4796
internal_count=155 114 41 44 28 16 12 14 27 22 9 13 16 70
shrinkage=0.0984825


Tree=15
num_leaves=17
num_cat=0
split_feature=1 11 1 1 4 1 2 4 4 11 11 4 1 11 4 11
split_gain=2.09633 2.03536 1.3505 1.18413 1.77646 1.4451 1.26522 0.798454 0.926699 1.30779 0.548467 1.07739 0.437066 0.215582 0.32995 0.162752
threshold=587.50000000000011 22.000000000000004 769.50000000000011 291.00000000000006 93.450000000000017 429.50000000000006 1.5000000000000002 86.950000000000017 78.850000000000009 1.0000000180025095e-35 14.000000000000002 81.65000000000002 987.50000000000011 1.0000000180025095e-35 91.700000000000017 14.000000000000002
decision_type=8 2 8 8 2 10 8 2 2 2 2 2 8 2 2 2
left_child=1 3 -2 -1 6 -6 -5 8 -8 -10 11 -11 -4 -9 -15 -14
right_child=2 -3 12 4 5 -7 7 13 9 10 -12 -13 15 14 -16 -17
leaf_value=-0.082950224252695798 0.092643560596175997 -0.097181608830952657 -0.058946733093142169 0.053850673983835043 0.11711266752216376 -0 -0.07364384882852329 -0 -0.051615005721697492 0.16404081456768591 -0 0 0.033228531265418609 -0.093376059932055416 -0 -0
leaf_weight=1.6557408943772358 2.8129627555608741 2.997975528240203 0.77282176911830891 1.6485159099101991 2.1186082214117063 1.0189496874809263 1.3756745457649229 0.80071686208248172 0.93831091374158881 0.97382120788097459 0.80010927468538273 1.191222697496414 2.6856674849987034 2.5033207535743718 0.62819182127714157 1.1067440211772916
leaf_count=12 13 23 4 7 10 7 10 5 7 4 5 8 12 19 4 5
internal_value=0 -0.224224 0.397411 -0.0358162 0.0163471 0.710533 -0.127738 -0.318687 -0 0.186521 0.626228 0.885339 0 -0.661701 -0.785218 0.196033
internal_weight=0 18.6512 7.3782 15.6532 13.9974 3.13756 10.8599 9.21137 5.27914 3.90346 2.96515 2.16504 4.56523 3.93223 3.13151 3.79241
internal_count=155 121 34 98 86 17 69 62 34 24 17 12 21 28 23 17
shrinkage=0.0984825


end of trees

feature importances:
BMIX4=48
CASIX4=44
Simple_reaction_time_Ex5=39
Choice_reaction_time_Ex5=37
ECGage=17
Olfaction_complete_Ex5_Ex4=16
Coffee_oz_Ex1=15
new_BM_frequency=12
TBI_LOC=3
Sleepy_complete=2
HYPBP1=1

parameters:
[boosting: gbdt]
[objective: binary]
[metric: auc]
[tree_learner: serial]
[device_type: cpu]
[data: ]
[valid: ]
[num_iterations: 100]
[learning_rate: 0.0984825]
[num_leaves: 25]
[num_threads: 4]
[max_depth: 39]
[min_data_in_leaf: 4]
[min_sum_hessian_in_leaf: 0.001]
[bagging_fraction: 0.827927]
[pos_bagging_fraction: 1]
[neg_bagging_fraction: 1]
[bagging_freq: 1]
[bagging_seed: 3]
[feature_fraction: 0.45368]
[feature_fraction_bynode: 1]
[feature_fraction_seed: 2]
[early_stopping_round: 0]
[first_metric_only: 0]
[max_delta_step: 0]
[lambda_l1: 0.633939]
[lambda_l2: 0.0364375]
[min_gain_to_split: 0]
[drop_rate: 0.1]
[max_drop: 50]
[skip_drop: 0.5]
[xgboost_dart_mode: 0]
[uniform_drop: 0]
[drop_seed: 4]
[top_rate: 0.2]
[other_rate: 0.1]
[min_data_per_group: 100]
[max_cat_threshold: 32]
[cat_l2: 10]
[cat_smooth: 10]
[max_cat_to_onehot: 4]
[top_k: 20]
[monotone_constraints: ]
[feature_contri: ]
[forcedsplits_filename: ]
[forcedbins_filename: ]
[refit_decay_rate: 0.9]
[cegb_tradeoff: 1]
[cegb_penalty_split: 0]
[cegb_penalty_feature_lazy: ]
[cegb_penalty_feature_coupled: ]
[verbosity: 1]
[max_bin: 122]
[max_bin_by_feature: ]
[min_data_in_bin: 3]
[bin_construct_sample_cnt: 200000]
[histogram_pool_size: -1]
[data_random_seed: 1]
[output_model: LightGBM_model.txt]
[snapshot_freq: -1]
[input_model: ]
[output_result: LightGBM_predict_result.txt]
[initscore_filename: ]
[valid_data_initscores: ]
[pre_partition: 0]
[enable_bundle: 1]
[max_conflict_rate: 0]
[is_enable_sparse: 1]
[sparse_threshold: 0.8]
[use_missing: 1]
[zero_as_missing: 0]
[two_round: 0]
[save_binary: 0]
[header: 0]
[label_column: ]
[weight_column: ]
[group_column: ]
[ignore_column: ]
[categorical_feature: ]
[predict_raw_score: 0]
[predict_leaf_index: 0]
[predict_contrib: 0]
[num_iteration_predict: -1]
[pred_early_stop: 0]
[pred_early_stop_freq: 10]
[pred_early_stop_margin: 10]
[convert_model_language: ]
[convert_model: gbdt_prediction.cpp]
[num_class: 1]
[is_unbalance: 0]
[scale_pos_weight: 1]
[sigmoid: 1]
[boost_from_average: 1]
[reg_sqrt: 0]
[alpha: 0.9]
[fair_c: 1]
[poisson_max_delta_step: 0.7]
[tweedie_variance_power: 1.5]
[max_position: 20]
[lambdamart_norm: 1]
[label_gain: ]
[metric_freq: 1]
[is_provide_training_metric: 0]
[eval_at: ]
[multi_error_top_k: 1]
[num_machines: 1]
[local_listen_port: 12400]
[time_out: 120]
[machine_list_filename: ]
[machines: ]
[gpu_platform_id: -1]
[gpu_device_id: -1]
[gpu_use_dp: 0]

end of parameters

pandas_categorical:[]
