tree
version=v3
num_class=1
num_tree_per_iteration=1
label_index=0
max_feature_idx=11
objective=binary sigmoid:1
feature_names=Sleepy_complete Simple_reaction_time_Ex5 new_BM_frequency Choice_reaction_time_Ex5 CASIX4 Olfaction_complete_Ex5_Ex4 ECGage new_smoke TBI_LOC BMIX4 HYPBP1 Coffee_oz_Ex1
feature_infos=[0:1] [1:1347] [0:4] [1:1812] [2.5:98.400000000000006] [0:12] [72:90] [0:2] [0:1] [14.6411231134028:33.738952304877699] [0:1] [0:64]
tree_sizes=1701 1718 1542 1607 1990 1531 2022 1085 1830 1353 1934 1770 1840 1007 1852 1489 1543 1534 1532 953 1888

Tree=0
num_leaves=16
num_cat=0
split_feature=1 3 5 1 3 6 5 1 5 1 6 3 6 3 6
split_gain=20.9805 9.49982 6.28787 6.20297 2.66677 4.43678 2.49154 2.12929 1.69604 2.39254 1.56483 0.710281 0.405028 0.306694 0.201477
threshold=580.00000000000011 497.00000000000006 5.5000000000000009 303.50000000000006 441.00000000000006 77.500000000000014 3.5000000000000004 695.00000000000011 8.5000000000000018 387.00000000000006 75.500000000000014 793.00000000000011 79.500000000000014 472.50000000000006 85.500000000000014
decision_type=8 10 10 8 10 2 10 10 10 10 2 8 2 10 2
left_child=1 3 7 13 -5 8 12 -2 -6 10 -10 -4 -3 -1 -8
right_child=2 6 11 4 5 -7 14 -9 9 -11 -12 -13 -14 -15 -16
leaf_value=-1.0866430543802166 -0.70712720677471286 -0.97336833018155866 -0.94604626639952494 -1.0079579203999789 -0.70223025479802115 -1.0079579203999789 -1.1270445180285471 -0.9325993968624251 -1.0051307638410278 -1.0079579203999789 -0.73213791067292977 -1.0602720811949504 -1.0602720811949504 -1.0079579203999789 -1.0079579203999789
leaf_weight=2.938316836953168 2.5465412586927405 1.3712145239114755 1.1753267347812648 1.1753267347812659 1.1753267347812655 1.175326734781265 10.773828402161596 1.5671023130416868 0.9794389456510546 0.97943894565105427 0.78355115652084351 0.78355115652084351 0.78355115652084351 0.78355115652084351 1.1753267347812641
leaf_count=15 13 7 6 6 6 6 55 8 5 5 4 4 4 4 6
internal_value=0 -0.424927 1.64959 0.272242 0.921499 1.25045 -0.963016 2.34961 1.77494 0.943819 1.64477 0 0 -0.650898 -1.14106
internal_weight=0 24.0942 6.07252 9.99028 6.26841 5.09308 14.1039 4.11364 3.91776 2.74243 1.76299 1.95888 2.15477 3.72187 11.9492
internal_count=154 123 31 51 32 26 72 21 20 14 9 10 11 19 61
shrinkage=1


Tree=1
num_leaves=17
num_cat=0
split_feature=3 2 9 3 3 2 3 9 3 9 3 9 9 9 9 9
split_gain=10.4363 4.82901 3.33505 2.28229 2.74381 2.22702 1.67573 1.53069 1.45528 0.999211 0.879465 0.715758 0.596489 0.563408 0.0765916 0.00305083
threshold=1167.0000000000002 1.5000000000000002 22.012755900605452 505.50000000000006 453.50000000000006 2.5000000000000004 722.50000000000011 25.588511117053105 505.50000000000006 25.378591521542102 485.50000000000006 24.613604088566305 27.513015863038152 25.378591521542102 22.927641225169804 26.929330318634104
decision_type=8 10 8 10 8 10 10 10 10 10 10 10 10 10 10 8
left_child=1 8 -2 4 13 7 9 10 -1 -5 -6 -8 15 -3 -7 -11
right_child=2 3 -4 6 5 14 11 -9 -10 12 -12 -13 -14 -15 -16 -17
leaf_value=0.15443780541018409 -0 -0.10406787679040466 0.20730893497711422 -0.10236807804617323 0.19866742447698063 -0.048866462083474248 0.032455620648343626 0 0 0.0056308221040276265 0 -0.068854066039085837 -0.071734731027445417 -0 -0 -0
leaf_weight=1.4411803781986301 0.82451108098030035 2.2997817695140852 2.5985630303621292 9.0147912055253965 1.2450350821018235 0.76522143185138736 1.9672149866819377 1.3973881155252454 1.3479559570550916 0.96048128604888827 1.0154163986444471 0.98265932500362385 1.1089527010917661 0.77628377079963662 1.5613588988780973 0.76768833398818981
leaf_count=7 4 12 12 48 6 4 10 7 7 5 5 5 6 4 8 4
internal_value=0 -0.286014 1.55276 -0.449732 -0 0.340606 -0.692513 0.871326 0.878051 -0.859957 1.37387 -0 -0.0630569 -0.810636 -0.226085 0.0108617
internal_weight=0 26.6514 3.42307 23.8623 9.06049 5.98442 14.8018 3.65784 2.78914 11.8519 2.26045 2.94987 2.83712 3.07607 2.32658 1.72817
internal_count=154 138 16 124 46 30 78 18 14 63 11 15 15 16 12 9
shrinkage=0.0984825


Tree=2
num_leaves=15
num_cat=0
split_feature=5 9 2 2 9 9 5 9 2 9 9 9 9 9
split_gain=13.9343 4.03708 3.10573 1.78433 1.73023 0.978382 0.893658 0.759159 0.487373 0.16626 0.0646464 0.0276325 0.969817 0.100453
threshold=4.5000000000000009 23.354631013915654 1.5000000000000002 2.5000000000000004 21.308760284893705 21.436058039520152 1.5000000000000002 24.443130035462755 2.5000000000000004 19.792695629904355 22.012755900605452 23.688209958193255 24.536754031181303 24.2324649350893
decision_type=10 8 10 10 8 10 8 8 10 10 8 10 10 10
left_child=1 5 7 -3 9 8 -5 -2 -1 -4 -7 -6 13 -13
right_child=2 3 4 6 11 10 -8 -9 -10 -11 -12 12 -14 -15
leaf_value=0.094876850937770429 0 0.20006556060104258 -0.0074114842877169547 0.10680134340553675 -0.089346801305518267 -0.049901414407887278 -0 0.13625365210343982 -0 0.027555289331643598 -0 -0 -0.060191193893031091 0.03468311768192716
leaf_weight=1.4095227420330063 1.2528930902481108 4.0653377324342737 1.3017868548631697 0.89008618891239133 6.4031665921211234 0.7695897817611691 0.99074852466583263 0.82662710547447182 0.75800758600234974 1.9904707372188566 0.77713674306869507 1.0885504633188228 6.486357182264328 0.77348454296588876
leaf_count=7 6 19 7 4 35 4 5 4 4 10 4 6 35 4
internal_value=0 1.0805 -0.372436 1.60125 -0.526358 0.0703518 0.319735 0.649597 0.622717 0 -0.299805 -0.675082 -0.418248 0
internal_weight=0 9.66043 20.1233 5.94617 18.0438 3.71426 1.88083 2.07952 2.16753 3.29226 1.54673 14.7516 8.34839 1.86204
internal_count=154 47 107 28 97 19 9 10 11 17 8 80 45 10
shrinkage=0.0984825


Tree=3
num_leaves=16
num_cat=0
split_feature=3 3 6 3 4 3 9 9 3 3 9 3 9 3 3
split_gain=8.85953 3.53946 4.8511 4.51425 4.48985 3.48474 2.83973 1.6527 1.74428 1.51893 2.46573 1.44527 0.756119 0.495402 0.189243
threshold=964.00000000000011 505.50000000000006 77.500000000000014 580.50000000000011 92.750000000000014 453.50000000000006 22.012755900605452 25.378591521542102 722.50000000000011 485.50000000000006 23.955811960305954 752.00000000000011 20.773887918490455 612.00000000000011 480.50000000000006
decision_type=8 10 2 8 2 10 8 10 10 10 8 10 10 10 10
left_child=1 2 4 -3 5 -1 -2 8 13 10 -7 -9 -10 -5 -4
right_child=6 3 14 7 -6 9 -8 11 12 -11 -12 -13 -14 -15 -16
leaf_value=-0.096129387137572964 -0 -0.11818959443821346 -0.10325905822190931 0 0.17652372915992409 0.21617855734910268 0.19138087048007577 0.13559684586252035 0.087645782064472794 -0 -0 -0 -0 -0.086321985779630794 -0
leaf_weight=1.8630398064851812 0.81846870481967871 6.6887002885341618 2.1160279661417012 0.74011692404747009 2.2518093883991241 1.1381336003541946 2.5935434699058533 1.1899186223745348 1.0186470746994021 1.5309720933437345 0.78482536971569072 0.95686104893684354 1.1341160684823988 3.7923253625631332 0.98415334522724141
leaf_count=10 4 38 11 4 11 5 11 6 5 8 4 5 6 21 5
internal_value=0 -0.264044 0.132477 -0.577034 0.613439 0 1.43409 -0.0306897 -0.340969 0.692732 1.27673 0.634735 0.190616 -0.731713 -0.833118
internal_weight=0 26.1896 10.669 15.5207 7.56878 5.31697 3.41201 8.83199 6.68521 3.45393 1.92296 2.14678 2.15276 4.53244 3.10018
internal_count=154 139 54 85 38 27 15 47 36 17 9 11 11 25 16
shrinkage=0.0984825


Tree=4
num_leaves=20
num_cat=0
split_feature=5 3 3 11 3 3 5 3 3 3 3 11 3 3 3 3 3 3 11
split_gain=7.34181 4.85137 2.27619 3.31572 1.95964 1.81161 1.7992 3.99373 2.49939 1.8292 1.43356 0.746486 0.17077 0.240458 0.0991986 0.256803 0.0435617 0.0326558 0.0171076
threshold=4.5000000000000009 505.50000000000006 472.50000000000006 22.000000000000004 478.50000000000006 583.50000000000011 1.0000000180025095e-35 671.50000000000011 645.50000000000011 859.50000000000011 497.00000000000006 22.000000000000004 432.50000000000006 447.50000000000006 680.00000000000011 752.00000000000011 645.50000000000011 582.50000000000011 1.0000000180025095e-35
decision_type=10 8 10 2 8 10 10 10 8 8 10 2 10 10 10 10 10 8 2
left_child=4 2 12 10 -1 -3 7 -6 17 -10 -4 14 -2 -14 16 -16 -7 -8 -17
right_child=1 5 3 -5 6 11 8 -9 9 -11 -12 -13 13 -15 15 18 -18 -19 -20
leaf_value=-0 0 -0.098690733360074959 0.15727553624215587 -0.051069951464759324 0.24046273787309702 0 -0.043844363103990085 -0 0.18198960328410999 0 0 -0.075818338004013927 -0.062687632640591476 -0 -0.05104759273364276 0.019939699555734495 0.042288160067804337 -0 -0
leaf_weight=1.4845908135175712 1.120820894837381 6.2576579898595792 3.0101383477449422 0.7736181467771529 2.2735905051231389 0.71997639536857627 0.73635509610176053 0.79666750133037556 1.5571848601102831 1.9084325283765793 0.73404912650585152 1.2384295314550398 1.0212798863649371 2.0932360887527466 0.85234232246875796 0.82015001773834206 0.75197991728782654 0.7852190136909486 0.7503630965948106
leaf_count=7 6 38 14 4 10 4 4 4 7 8 4 7 6 10 5 4 4 4 4
internal_value=0 -0.179347 0.333844 0.843261 0.870201 -0.628982 1.06689 1.77411 0.495609 1.01569 1.29461 -0.0476326 -0.0637031 -0.244332 0.0257661 -0 0.259797 -0.27812 0.105858
internal_weight=0 20.144 8.75314 4.51781 9.54204 11.3909 8.05745 3.07026 4.98719 3.46562 3.74419 5.13324 4.23534 3.11452 3.89481 2.42286 1.47196 1.52157 1.57051
internal_count=154 110 44 22 44 66 37 14 23 15 18 28 22 16 21 13 8 8 8
shrinkage=0.0984825


Tree=5
num_leaves=15
num_cat=0
split_feature=1 4 1 1 1 4 4 1 1 4 4 4 4 1
split_gain=10.2096 4.36346 1.65409 1.42972 0.937621 0.915519 1.24803 1.10383 2.47091 0.531899 0.454927 0.418038 0.158773 0.225312
threshold=593.50000000000011 92.450000000000017 373.50000000000006 928.00000000000011 286.00000000000006 79.100000000000009 81.450000000000017 349.50000000000006 305.50000000000006 68.750000000000014 94.100000000000009 90.550000000000011 96.000000000000014 475.50000000000006
decision_type=8 2 10 10 10 2 2 10 10 2 2 2 2 8
left_child=1 5 4 9 -3 -1 -7 8 -8 -2 -6 -10 13 -4
right_child=3 2 12 -5 10 6 7 -9 11 -11 -12 -13 -14 -15
leaf_value=-0.11058142875554727 0.04018149609692899 -0 -0.060223494676084795 0 0.17104091539276819 0.02971474905716312 -0.093026489266800114 -0.071050241222674435 0.076687832897822161 0.16915252865201041 0 -0 0.0040824382661223202 0
leaf_weight=3.406783267855654 2.0473908036947241 0.76112532615661566 0.98595233261585247 1.251676023006439 1.297865688800812 1.3486775010824192 1.8860434144735316 7.5651404112577438 1.8989975303411486 3.375093013048172 0.98238518834114064 0.73355694115161885 0.9890359491109848 0.69072359800338756
leaf_count=19 9 4 6 6 6 7 11 43 9 15 5 4 6 4
internal_value=0 -0.28005 0.412668 1.12212 0.924776 -0.552773 -0.358473 -0.485149 -0 1.34528 1.24133 0.532054 -0 -0.302742
internal_weight=0 22.5463 5.70709 6.67416 3.04138 16.8392 13.4324 12.0837 4.5186 5.42248 2.28025 2.63255 2.66571 1.67668
internal_count=154 124 31 30 15 93 74 67 24 24 11 13 16 10
shrinkage=0.0984825


Tree=6
num_leaves=20
num_cat=0
split_feature=1 4 1 4 1 7 4 4 4 4 1 7 7 11 4 11 4 1 4
split_gain=7.5606 2.56432 1.93615 1.42349 1.28148 2.36333 1.10391 2.50787 1.06939 0.711187 1.1064 0.678673 0.541024 0.377015 0.577972 0.114367 0.0862442 0.00503889 0.00355944
threshold=580.00000000000011 92.450000000000017 928.00000000000011 85.450000000000017 373.50000000000006 1.0000000180025095e-35 79.750000000000014 89.950000000000017 82.15000000000002 88.300000000000026 349.50000000000006 1.0000000180025095e-35 1.0000000180025095e-35 6.0000000000000009 86.600000000000009 22.000000000000004 68.750000000000014 430.00000000000006 84.550000000000011
decision_type=8 2 10 2 10 2 2 2 2 2 10 2 2 2 2 2 2 8 2
left_child=1 6 3 16 5 -3 -1 8 11 13 -11 -8 -6 -10 18 -12 -2 -14 -15
right_child=2 4 -4 -5 12 -7 7 -9 9 10 15 -13 17 14 -16 -17 -18 -19 -20
leaf_value=-0.10751646655769859 0.053865506483918066 0.16812304005026643 -0 -0 -0.067771874218586992 -0 0.12788581290541878 -0.1049459264170531 -0.089646016412425353 0.1080849299260309 0 -0 0.0069676764382209091 -0 -0.069195542940333796 -0.042595886482603942 0.1671591382192085 -0 0.0058380967116119266
leaf_weight=3.4017413109541037 2.3123450130224219 1.3001735806465142 1.0186787545680998 0.79172445833683003 1.135146349668503 1.4633685052394865 0.83279773592948803 3.1551361829042426 1.6080138236284236 0.86179776489734683 1.4172597080469134 0.74293024837970734 0.9702096879482266 0.81182125210762091 1.1390727460384367 0.7249116003513334 2.9116765558719635 0.85469043254852306 1.5380116701126096
leaf_count=20 10 6 5 4 7 7 4 19 9 4 8 4 6 5 7 4 12 5 8
internal_value=0 -0.286901 0.901795 1.12695 0.214206 0.739687 -0.502629 -0.294542 -0 -0.186259 0.0344096 0.698727 -0.0678588 -0.43913 -0.0349957 -0.113494 1.31597 0 0.0287578
internal_weight=0 21.9571 7.03442 6.01575 5.72359 2.76354 16.2335 12.8318 9.67662 8.10089 3.00397 1.57573 2.96005 5.09692 3.48891 2.14217 5.22402 1.8249 2.34983
internal_count=154 123 31 26 31 13 92 72 53 45 16 8 18 29 20 12 22 11 13
shrinkage=0.0984825


Tree=7
num_leaves=10
num_cat=0
split_feature=2 7 2 8 9 10 9 9 8
split_gain=1.98921 2.8965 1.63962 1.34083 1.29179 0.576362 0.876682 1.33076 0.524179
threshold=2.5000000000000004 1.0000000180025095e-35 1.5000000000000002 1.0000000180025095e-35 23.026223291309254 1.0000000180025095e-35 24.832894586315501 23.354631013915654 1.0000000180025095e-35
decision_type=10 2 10 8 10 2 10 8 10
left_child=1 8 4 -2 -3 6 7 -4 -1
right_child=3 2 5 -5 -6 -7 -8 -9 -10
leaf_value=0.073120380279082672 -0.061369759389225446 0.13436892404779402 -0 0.023484016185737852 0 -0.04348421582384749 -0.073466996033505053 0.12153682538469066 -0
leaf_weight=7.545680850744251 6.3117162287235251 1.1055449396371835 0.99144564568996496 1.2477132230997083 1.820229649543762 7.2621812373399734 0.82082089781761147 1.0997297912836073 0.70867969095706929
leaf_count=38 36 5 5 7 9 41 4 5 4
internal_value=0 0.193402 -0.0558967 -0.397021 0.530637 -0.287943 0 0.433387 0.664016
internal_weight=0 21.3543 13.1 7.55943 2.92577 10.1742 2.912 2.09118 8.25436
internal_count=154 111 69 43 14 55 14 10 42
shrinkage=0.0984825


Tree=8
num_leaves=18
num_cat=0
split_feature=1 2 1 1 1 1 1 1 3 0 3 3 3 3 1 1 3
split_gain=5.88165 2.84837 2.12351 1.45276 1.19921 1.64166 1.35557 0.879502 1.52769 1.14379 0.798688 0.490081 0.215684 0.268743 0.186974 0.111614 0.0260632
threshold=593.50000000000011 1.5000000000000002 430.00000000000006 363.50000000000006 329.50000000000006 363.50000000000006 425.00000000000006 928.00000000000011 645.50000000000011 1.0000000180025095e-35 480.50000000000006 420.50000000000006 580.50000000000011 489.00000000000006 335.00000000000006 329.50000000000006 505.50000000000006
decision_type=8 10 8 10 8 8 10 10 10 8 10 10 10 10 10 10 8
left_child=1 3 4 15 10 14 12 8 9 -2 11 -3 13 -7 -6 -1 -12
right_child=7 2 -4 -5 5 6 -8 -9 -10 -11 16 -13 -14 -15 -16 -17 -18
leaf_value=0 -0.008766571818349219 -0 -0.096464887920082801 0.11525691002973121 0 -0 0.053646451700081837 -0 0.15583405106077125 0.10584591754021469 0.01704442570444686 -0.1049776422181946 -0 -0.094091804019239569 0.071863222983545347 -0.038348107344778039 -0.0056983873179548639
leaf_weight=0.85878208279610324 1.5723709017038339 0.86864282190799824 6.2197496071457854 1.5488204658031461 1.1891434043645852 0.90483692288398865 0.68539102375507344 0.80752496421337105 2.429596945643425 0.97486087679862965 0.7675446569919584 2.5258607119321823 0.83792750537395455 2.3227469176054001 2.4067580103874207 0.69968518614768971 0.55530187487602245
leaf_count=4 7 5 40 7 6 5 4 4 10 4 4 14 5 15 12 4 4
internal_value=0 -0.311239 -0.471898 0.478077 -0.179784 0 -0.332009 0.808458 0.966603 0.119893 -0.584242 -0.840081 -0.637888 -0.759893 0.553784 -0 0
internal_weight=0 22.3912 19.2839 3.10729 13.0642 8.3468 4.7509 5.78435 4.97683 2.54723 4.71735 3.3945 4.06551 3.22758 3.5959 1.55847 1.32285
internal_count=154 129 114 15 74 47 29 25 21 11 27 19 25 20 18 8 8
shrinkage=0.0984825


Tree=9
num_leaves=13
num_cat=0
split_feature=1 3 1 2 4 1 1 4 4 3 1 4
split_gain=7.62761 3.52979 3.22208 2.05998 2.7592 1.66411 0.924801 0.787644 0.627824 0.293447 0.15539 0.0409005
threshold=580.00000000000011 497.00000000000006 303.50000000000006 2.5000000000000004 85.90000000000002 527.50000000000011 335.00000000000006 79.750000000000014 96.000000000000014 472.50000000000006 928.00000000000011 89.450000000000017
decision_type=8 10 8 10 2 8 10 2 2 10 10 2
left_child=1 2 9 4 -4 6 -3 -7 -8 -1 -2 -5
right_child=10 5 3 11 -6 7 8 -9 -10 -11 -12 -13
leaf_value=-0.086457853431974235 0.1081453937813559 -0 -0.0018742684347585301 0 0.12538362737039593 -0.032037708868909207 -0.098737661957309375 0.078738893334697524 -0 -0 0 -0.031959927728811503
leaf_weight=1.7352169156074571 5.9010347425937644 1.6113062947988472 1.1684487760066993 0.7132587283849714 4.4881132543087006 0.72391510754823762 7.0785272717475891 1.0698575377464292 0.8908540904521941 0.78891378641128529 1.0447104126214979 0.67590193450450897
leaf_count=11 25 10 6 4 20 5 48 6 6 4 5 4
internal_value=0 -0.195831 0.203866 0.599973 0.896468 -0.587247 -0.763032 0.00175665 -0.902726 -0.647032 1.00159 -0.154706
internal_weight=0 20.9443 9.56985 7.04572 5.65656 11.3745 9.58069 1.79377 7.96938 2.52413 6.94575 1.38916
internal_count=154 124 49 34 26 75 64 11 54 15 30 8
shrinkage=0.0984825


Tree=10
num_leaves=19
num_cat=0
split_feature=2 9 7 9 8 6 6 9 6 6 6 7 6 9 9 9 9 9
split_gain=1.90586 1.00084 1.60527 1.20603 1.50946 1.08359 3.80868 0.719821 0.675169 0.604179 0.384603 0.281114 0.268641 0.208451 0.194084 0.155728 0.135117 0.000554011
threshold=1.5000000000000002 21.308760284893705 1.0000000180025095e-35 23.354631013915654 1.0000000180025095e-35 78.500000000000014 79.500000000000014 24.536754031181303 83.500000000000014 76.500000000000014 77.500000000000014 1.0000000180025095e-35 83.500000000000014 20.319431338894351 23.955811960305954 23.476058218617403 18.668705984530202 19.629225522474552
decision_type=8 10 2 10 10 2 2 10 2 2 2 2 2 8 10 10 10 10
left_child=11 2 13 12 5 7 -7 15 14 -9 17 -1 -3 -2 -8 -5 -12 -4
right_child=1 3 10 4 -6 6 8 9 -10 -11 16 -13 -14 -15 -16 -17 -18 -19
leaf_value=0.13368285929441664 0 -0.071172916216329665 -0 -0.02505012197274286 0.091925556180138687 0.16763652124135534 -0 -0.077339166757262642 0 -0 -0 0.0064040419699133424 -0 0.11899358518078806 -0.082957156172387178 0.028629149890986177 -0.067894382276218759 0.0024926287394826615
leaf_weight=0.98066920042038253 1.0129811018705397 4.8302649036049869 0.73504003882408164 0.63760510087012878 1.2638837397098548 1.2005980163812635 0.65575175732374269 4.4010431170463562 1.0878810435533521 1.3783871829509733 0.65112021565437306 1.8332587182521818 0.75950948894023873 1.345889627933502 1.5827137753367422 1.2902741581201551 1.1128330975770948 0.82837434113025665
leaf_count=4 5 32 4 4 7 5 4 25 5 8 4 9 4 6 10 7 7 4
internal_value=0 -0.110863 0.200857 -0.237078 -0.0239228 -0.176964 0.110011 -0.42711 -0.288367 -0.605526 -0.088768 0.749437 -0.635637 0.86919 -0.647851 0 -0.477854 0
internal_weight=0 24.7742 5.68624 19.0879 13.4981 12.2343 4.52694 7.70731 3.32635 5.77943 3.32737 2.81393 5.58977 2.35887 2.23847 1.92788 1.76395 1.56341
internal_count=154 141 30 111 75 68 24 44 19 33 19 13 36 11 14 11 11 8
shrinkage=0.0984825


Tree=11
num_leaves=17
num_cat=0
split_feature=5 11 9 11 4 9 4 9 9 9 11 9 4 9 4 4
split_gain=3.91765 2.1818 1.81853 2.16045 1.58399 1.33719 0.970521 0.725204 0.559351 1.07622 1.08164 0.921722 0.340424 0.313102 0.196266 0.0612066
threshold=3.5000000000000004 22.000000000000004 22.927641225169804 6.0000000000000009 88.300000000000026 26.155042269491002 75.800000000000026 27.909034547616553 28.975320199793902 24.443130035462755 10.000000000000002 22.970131868761253 97.100000000000009 23.154752122835252 73.050000000000026 85.450000000000017
decision_type=10 2 8 2 2 8 2 10 8 10 2 10 2 10 2 2
left_child=2 4 -1 -4 5 6 14 -5 9 10 11 -6 -11 -12 -2 -7
right_child=1 -3 3 7 8 15 -8 -9 -10 12 13 -13 -14 -15 -16 -17
leaf_value=-0.012725633863328723 -0.031461322931133559 -0.10541909681296514 -0.0046899329416710328 0.1360674903052484 0.067405583622445642 0.028231131880070901 -0.093641199231996042 0 -0.044512454297329487 0.093556569323884634 -0.077622012882601663 -0.016080375732360458 0 0 0.027738945558460827 -0
leaf_weight=1.2782558649778391 1.2944631427526521 3.2792080342769614 0.7849634140729902 3.5605081468820572 2.7782641798257797 0.76480704545974787 4.3678353950381279 0.92916673421859719 0.78597788512706834 2.1086167097091679 1.5425616353750231 0.59976293146610249 0.6863584667444228 0.66359706223011006 0.72540310025215138 0.86273090541362751
leaf_count=7 7 21 4 16 15 4 28 4 5 11 11 4 4 4 4 5
internal_value=0 -0.299626 0.57597 0.865941 -0.113727 -0.456624 -0.68466 1.16483 0.117874 0.248382 -0 0.348131 0.750646 -0.545699 -0 0.0527802
internal_weight=0 20.4596 6.55289 5.27464 17.1804 8.01524 6.3877 4.48967 9.16514 8.37916 5.58419 3.37803 2.79498 2.20616 2.01987 1.62754
internal_count=154 123 31 24 102 48 39 20 54 49 34 19 15 15 11 9
shrinkage=0.0984825


Tree=12
num_leaves=18
num_cat=0
split_feature=1 3 11 3 1 3 10 8 3 1 3 1 1 1 1 1 3
split_gain=3.43077 4.25661 2.24033 2.2943 1.56887 0.980824 0.741805 0.792118 0.791916 0.156205 0.13578 0.0877559 0.0507675 0.0333208 0.311577 0.0326942 0.0131079
threshold=580.00000000000011 497.00000000000006 18.000000000000004 480.50000000000006 527.50000000000011 671.50000000000011 1.0000000180025095e-35 1.0000000180025095e-35 645.50000000000011 400.00000000000006 671.50000000000011 756.50000000000011 363.50000000000006 305.50000000000006 351.50000000000006 344.50000000000006 432.50000000000006
decision_type=8 10 2 10 8 10 2 8 10 10 8 8 10 10 10 10 10
left_child=1 2 3 13 12 -6 10 8 -8 -4 -2 -10 15 16 -15 -3 -1
right_child=6 4 9 -5 5 -7 7 -9 11 -11 -12 -13 -14 14 -16 -17 -18
leaf_value=0 0 -0.031903429881474786 -0.080060419936157604 0.12935877556091749 0.068197028265817042 -0.062142583799564617 -0.092893019286268891 0.089271787999404023 0.02695107548007479 -0 0.10198717273346226 -0 -0.10577150736299379 0.046376564979191008 -0 -0 -0.0096044678504106484
leaf_weight=0.60599650442600772 0.83945545554161005 1.6890187114477124 1.348795682191849 2.3079941868782043 1.0945524722337734 1.0648320391774175 0.86277779936790544 0.91760168969631184 1.1516942530870433 0.75735169649124123 2.5952471941709518 0.839585140347481 6.0202953591942787 1.518851771950722 1.0404516011476515 0.71151772141456593 1.341741047799587
leaf_count=4 4 11 8 10 6 7 4 4 5 4 11 4 47 7 6 4 8
internal_value=0 -0.279671 0.173473 0.505481 -0.720754 0 0.518331 0.0174574 -0.0568737 -0.595286 0.879753 0.0245831 -0.915222 0 0.113299 -0.246754 -0
internal_weight=0 19.5014 8.92118 6.81504 10.5802 2.15938 7.20636 3.77166 2.85406 2.10615 3.4347 1.99128 8.42083 4.50704 2.5593 2.40054 1.94774
internal_count=154 122 47 35 75 13 32 17 13 12 15 9 62 25 13 15 12
shrinkage=0.0984825


Tree=13
num_leaves=9
num_cat=0
split_feature=0 5 2 7 6 6 6 6
split_gain=4.44503 3.20614 2.5686 2.20664 2.14337 0.134726 0.0189461 0.115541
threshold=1.0000000180025095e-35 1.5000000000000002 1.5000000000000002 1.0000000180025095e-35 76.500000000000014 75.500000000000014 73.500000000000014 72.500000000000014
decision_type=8 10 10 2 2 2 2 2
left_child=1 3 -3 -1 5 6 7 -4
right_child=-2 2 4 -5 -6 -7 -8 -9
leaf_value=0.1507259350271985 0.10682203788953344 0.047627089807828968 -0.036012003322250519 -0 -0.090213731133974268 0 -0.022882604419744972 0.0066155633913787919
leaf_weight=1.4365641623735492 2.9278821870684615 2.2027829438447979 0.77494725584984014 2.2951655834913254 8.3390014916658384 1.7825307324528692 4.9497964084148407 1.5253424942493439
leaf_count=6 14 10 6 12 55 11 30 10
internal_value=0 -0.206237 -0.388197 0.574503 -0.535943 -0.112863 -0.185321 -0
internal_weight=0 23.3061 19.5744 3.73173 17.3716 9.03262 7.25009 2.30029
internal_count=154 140 122 18 112 57 46 16
shrinkage=0.0984825


Tree=14
num_leaves=18
num_cat=0
split_feature=5 8 9 3 3 9 3 5 3 3 3 3 3 10 5 5 9
split_gain=4.0037 1.05495 1.81887 1.46089 2.3018 1.24336 0.890044 0.80756 1.49791 1.17025 0.599986 0.811356 0.27554 0.272081 0.883399 0.612327 0.272606
threshold=4.5000000000000009 1.0000000180025095e-35 22.970131868761253 464.50000000000006 497.00000000000006 24.443130035462755 752.00000000000011 1.0000000180025095e-35 478.50000000000006 671.50000000000011 441.00000000000006 645.50000000000011 680.00000000000011 1.0000000180025095e-35 3.5000000000000004 3.5000000000000004 24.074676912802754
decision_type=10 10 8 10 10 10 10 10 8 10 10 10 10 2 10 10 10
left_child=7 2 3 -2 -5 -3 -6 8 -1 -10 -4 -12 -13 15 -15 16 -9
right_child=1 5 10 4 6 -7 -8 13 9 -11 11 12 -14 14 -16 -17 -18
leaf_value=-0 -0.08454096552954668 -0.056522345596781598 0 0.11071278591522495 -0.076638458204354415 0.082649707800837732 0.0093717215466901562 0 0.15332384324832227 0 -0.10992151213010497 0.005943839005545893 -0.052796815900396157 -0.067599149727653407 0.028035079431364653 -0 0.106041583347166
leaf_weight=0.90363028645515653 1.7347758039832122 0.95174189656972841 0.71995015442371357 1.7945326268672941 1.6584862023591997 1.2667604535818098 0.82631143927574147 0.81120514869689953 1.8979490697383883 0.70584337413310994 6.0170222520828247 0.7721370756626128 0.91202479600906372 1.6706084907054901 1.126164436340332 0.80813637375831582 0.94847929477691639
leaf_count=5 12 7 4 8 14 7 4 4 8 4 44 4 6 9 6 4 4
internal_value=0 -0.441746 -0.54585 -0.0107528 0.190343 0 -0.239145 0.368987 0.755069 1.15438 -0.851351 -0.93262 -0 0 -0.0730028 0.31413 0.695695
internal_weight=0 16.6537 14.4352 6.01411 4.27933 2.2185 2.4848 8.87202 3.50742 2.60379 8.42113 7.70118 1.68416 5.36459 2.79677 2.56782 1.75968
internal_count=154 110 96 38 26 14 18 44 17 12 58 54 10 27 15 12 8
shrinkage=0.0984825


Tree=15
num_leaves=15
num_cat=0
split_feature=11 2 1 1 1 4 11 4 1 1 1 4 2 4
split_gain=2.82779 2.74262 2.30198 1.73564 1.40208 1.34852 0.500988 0.782926 0.368569 0.324499 0.312742 0.919678 0.140121 0.0498658
threshold=22.000000000000004 1.5000000000000002 593.50000000000011 363.50000000000006 756.50000000000011 92.750000000000014 6.0000000000000009 86.600000000000009 396.50000000000006 322.00000000000006 332.50000000000006 76.600000000000009 1.5000000000000002 90.550000000000011
decision_type=2 10 10 10 10 2 2 2 10 8 10 2 8 2
left_child=1 -1 3 6 -4 8 7 -3 -5 -8 11 -11 -2 -9
right_child=12 2 4 5 -6 -7 9 13 -10 10 -12 -13 -14 -15
leaf_value=0.091100048805817999 -0 -0.088078867130316721 0.1340447555662525 -0 -0 0 -0 0.024430853947631007 -0.10127442998047323 -0 0 0.12023885023028656 -0.099267598570456347 -0
leaf_weight=3.0144098252058091 0.8129905611276621 1.2727039530873319 1.4316539615392678 0.96975583583116443 1.2778102010488508 1.3488204404711721 1.5782861635088918 0.7738586589694022 4.2982437238097191 0.86026643216610033 1.8116758093237875 1.1668584197759626 3.068558394908905 1.2117128223180769
leaf_count=14 4 8 6 7 6 10 11 4 35 4 10 5 23 7
internal_value=0 0.0266102 -0.0902535 -0.271656 0.692733 -0.656425 0 -0.283193 -0.891452 0.208359 0.380567 0.650798 -0.877166 0
internal_weight=0 21.0161 18.0016 15.2922 2.70946 6.61682 8.67536 3.25828 5.268 5.41709 3.8388 2.02712 3.88155 1.98557
internal_count=154 127 113 101 12 52 49 19 42 30 19 9 27 11
shrinkage=0.0984825


Tree=16
num_leaves=15
num_cat=0
split_feature=5 3 3 6 3 3 3 7 3 5 3 3 3 3
split_gain=2.63776 2.53733 0.955919 0.693412 0.623952 0.532019 0.542572 0.465375 0.176528 0.0381962 0.259243 0.022241 0.00907545 0.00468991
threshold=4.5000000000000009 505.50000000000006 793.00000000000011 77.500000000000014 583.50000000000011 453.50000000000006 432.50000000000006 1.0000000180025095e-35 639.00000000000011 1.0000000180025095e-35 480.50000000000006 472.50000000000006 583.50000000000011 516.50000000000011
decision_type=10 8 8 2 10 10 10 2 10 10 10 8 10 10
left_child=2 3 9 5 -3 6 -2 -7 -6 10 -1 -5 13 -11
right_child=1 4 -4 11 8 7 -8 -9 -10 12 -12 -13 -14 -15
leaf_value=-0 0.038233071561902039 -0.10127432754981373 0.077161805584912951 -0.055008047493491218 0 0.089552741414156353 -0.060186885503537624 0 -0.029927450505911408 -0 0.043925792193121309 -0 0 -0.014257806811606976
leaf_weight=0.88309560716152302 0.75434209406375596 4.351213738322258 3.3037759363651285 0.96467583626508691 0.59526316821575198 1.6636580079793932 1.0971472933888433 2.2290840893983841 3.3528907150030136 0.65849806368351005 1.4586876779794691 0.72789961099624645 1.5625976398587225 0.62031281739473343
leaf_count=5 4 38 15 7 5 8 8 12 23 4 7 4 9 5
internal_value=0 -0.320501 0.358359 0.0259978 -0.705795 0.26579 -0 0.489219 -0.185063 0 0.126731 -0.409608 -0 -0.0830673
internal_weight=0 15.7362 8.48697 7.43681 8.29937 5.74423 1.85149 3.89274 3.94815 5.18319 2.34178 1.69258 2.84141 1.27881
internal_count=154 109 45 43 66 32 12 20 28 30 12 11 18 9
shrinkage=0.0984825


Tree=17
num_leaves=15
num_cat=0
split_feature=2 11 5 11 5 11 11 5 8 11 11 11 11 5
split_gain=2.52065 1.53046 0.516927 1.8845 0.390003 0.620316 1.14889 0.15997 0.0528944 0.0203338 0.0806965 0.0544016 0.0577387 0.0129396
threshold=1.5000000000000002 22.000000000000004 3.5000000000000004 6.0000000000000009 8.5000000000000018 14.000000000000002 1.0000000180025095e-35 3.5000000000000004 1.0000000180025095e-35 6.0000000000000009 1.0000000180025095e-35 18.000000000000004 14.000000000000002 5.5000000000000009
decision_type=8 2 10 2 8 2 2 10 8 2 2 2 2 10
left_child=8 2 3 -2 5 6 -4 -3 -1 10 -6 12 -11 -7
right_child=1 7 4 -5 9 13 -8 -9 -10 11 -12 -13 -14 -15
leaf_value=0.088842129588262209 -0.073196634968933222 -0 0 0.066354069511272498 -0 -0 -0.081970585203868643 -0.093130163071874758 0 -0 0.026027815763141934 0 -0.036623637935378886 0.011389679134535516
leaf_weight=2.3349583968520196 0.92848323285580292 0.64210526645183508 1.5656753629446001 3.4219213277101517 1.4144190251827249 0.95923504978418339 3.5243212878704071 2.5817205384373665 0.80739189684391011 2.0279543846845636 1.4032547324895859 0.54913511872291554 0.77784153819084145 0.93098527938127518
leaf_count=11 6 4 9 17 9 7 26 22 4 13 8 5 6 7
internal_value=0 -0.178296 -0.0228815 0.22317 -0.152721 -0.315316 -0.507038 -0.817966 0.768416 0 0.083425 -0.0117714 -0.138945 0
internal_weight=0 20.7271 17.5032 4.3504 13.1528 6.98022 5.09 3.22383 3.14235 6.1726 2.81767 3.35493 2.8058 1.89022
internal_count=154 139 113 23 90 49 35 26 15 41 17 24 19 14
shrinkage=0.0984825


Tree=18
num_leaves=15
num_cat=0
split_feature=2 5 4 9 9 9 9 4 4 4 4 9 4 9
split_gain=1.44116 1.4586 1.59447 1.30252 0.747203 0.649513 0.624701 0.511256 0.771389 0.500981 0.469422 0.189035 0.117684 3.32603e-05
threshold=1.5000000000000002 3.5000000000000004 91.250000000000014 21.308760284893705 19.792695629904355 23.354631013915654 26.338366986907303 93.65000000000002 96.000000000000014 92.750000000000014 97.750000000000014 27.909034547616553 88.300000000000026 22.012755900605452
decision_type=8 10 2 8 10 8 10 2 2 2 2 10 2 8
left_child=-1 5 3 4 -3 13 -7 9 -9 -4 -10 -5 -6 -2
right_child=1 2 7 11 12 6 -8 8 10 -11 -12 -13 -14 -15
leaf_value=0.058153033551720752 -0.00055294111101436398 -0.058880825738899391 0 -0.083876083799058948 0.068894225898890368 0.083832794470270797 0 -0.074428443579793432 0.066464566815167353 0.098052108260114484 -0 -0 0 0
leaf_weight=2.9613973498344448 1.0186462700366996 1.0404105037450766 1.3132846429944032 6.3456819131970414 0.94429892301559426 2.1604329720139508 1.5436885207891462 1.349412761628628 1.0150396823883054 0.95816724002361275 0.48597911745309819 0.99496318399906147 0.63767560571432114 0.68943437933921836
leaf_count=14 6 8 10 53 5 11 7 10 6 6 4 6 4 4
internal_value=0 -0.140577 -0.319822 -0.560178 0 0.241463 0.508497 0.0254738 -0.101351 0.458396 0.0785943 -0.775829 0.473121 -0
internal_weight=0 20.4971 15.0849 9.96303 2.62239 5.4122 3.70412 5.12188 2.85043 2.27145 1.50102 7.34065 1.58197 1.70808
internal_count=154 140 112 76 17 28 18 36 20 16 10 59 9 10
shrinkage=0.0984825


Tree=19
num_leaves=9
num_cat=0
split_feature=0 2 5 11 11 11 2 11
split_gain=1.61963 0.881096 1.04602 0.568965 0.240031 0.228102 0.195555 0.25826
threshold=1.0000000180025095e-35 1.5000000000000002 3.5000000000000004 6.0000000000000009 10.000000000000002 6.0000000000000009 2.5000000000000004 22.000000000000004
decision_type=8 10 10 2 2 2 10 2
left_child=1 4 5 -4 -1 -3 7 -7
right_child=-2 2 3 -5 -6 6 -8 -9
leaf_value=0.061132418470136569 0.064721635962956478 -0 -0 -0.050751630604065366 0 0.063631212930854442 -0 -0
leaf_weight=1.4741027206182544 3.3416885137557975 0.69037281721830623 4.5748056992888442 8.3970955871045572 1.5893074870109556 1.7766529172658923 1.0183970481157305 0.68094845116138447
leaf_count=7 18 4 30 69 8 9 5 4
internal_value=0 -0.0890895 -0.201843 -0.35838 0.332164 0.133575 0.293753 0.447141
internal_weight=0 20.2017 17.1383 12.9719 3.06341 4.16637 3.476 2.4576
internal_count=154 136 121 99 15 22 18 13
shrinkage=0.0984825


Tree=20
num_leaves=19
num_cat=0
split_feature=3 3 9 10 9 9 3 9 9 3 9 3 3 3 9 3 3 9
split_gain=0.965591 1.21349 0.933887 0.848897 1.87724 1.22257 0.461575 0.402356 0.621654 0.374161 0.258384 0.962146 0.761464 0.276922 0.141047 0.125272 0.0676572 0.037491
threshold=497.00000000000006 554.00000000000011 25.004232074525252 1.0000000180025095e-35 25.768463226676204 20.575817653304753 1167.0000000000002 20.319431338894351 25.588511117053105 492.50000000000006 24.698371538919453 752.00000000000011 722.50000000000011 582.50000000000011 20.575817653304753 432.50000000000006 474.50000000000006 27.271204247326903
decision_type=10 8 10 2 10 8 8 10 10 8 10 10 10 10 8 10 10 8
left_child=3 2 -2 7 5 -5 10 -1 15 -7 12 17 13 -3 -14 -9 -6 -12
right_child=1 6 -4 4 16 9 -8 8 -10 -11 11 -13 14 -15 -16 -17 -18 -19
leaf_value=0.033827376078945759 -0.089215506288590304 -0 0 -0 -0.027726985179083567 0.12945060793917654 0.071603135650238445 -0 0 0 0.088960053470712619 -0.017807186663140573 0.036254761808335111 -0.079011611062556539 -0 -0.080753617900951785 0 0
leaf_weight=1.3839378505945221 2.7295806258916828 0.67084456235170487 1.2913233116269109 1.1903529763221739 1.154485300183296 2.9662238657474518 0.87329299747943856 0.67578516155481416 0.7924503982067107 1.1912088841199873 1.2704703062772751 1.0476560294628141 1.0268053412437435 1.8147021755576132 0.67353956401348125 1.4236339628696439 0.66303669661283482 0.5233755260705949
leaf_count=7 27 6 11 7 6 14 4 4 4 7 9 5 5 16 5 9 4 4
internal_value=0 -0.108935 -0.573844 0.278752 0.49164 0.816695 0.049349 -0 -0.283152 1.07136 -0 0.188444 -0.192328 -0.602206 0.0418826 -0.633228 -0.120102 0.749769
internal_weight=0 11.9216 4.0209 11.4411 7.16531 5.34779 7.90069 4.27581 2.89187 4.15743 7.02739 2.8415 4.18589 2.48555 1.70034 2.09942 1.81752 1.79385
internal_count=154 92 38 62 38 28 54 24 17 21 50 18 32 22 10 13 10 13
shrinkage=0.0984825


end of trees

feature importances:
Choice_reaction_time_Ex5=74
BMIX4=56
Simple_reaction_time_Ex5=44
CASIX4=36
Coffee_oz_Ex1=23
Olfaction_complete_Ex5_Ex4=21
new_BM_frequency=17
ECGage=16
new_smoke=8
TBI_LOC=6
HYPBP1=4
Sleepy_complete=3

parameters:
[boosting: gbdt]
[objective: binary]
[metric: auc]
[tree_learner: serial]
[device_type: cpu]
[data: ]
[valid: ]
[num_iterations: 100]
[learning_rate: 0.0984825]
[num_leaves: 25]
[num_threads: 4]
[max_depth: 39]
[min_data_in_leaf: 4]
[min_sum_hessian_in_leaf: 0.001]
[bagging_fraction: 0.827927]
[pos_bagging_fraction: 1]
[neg_bagging_fraction: 1]
[bagging_freq: 1]
[bagging_seed: 3]
[feature_fraction: 0.45368]
[feature_fraction_bynode: 1]
[feature_fraction_seed: 2]
[early_stopping_round: 0]
[first_metric_only: 0]
[max_delta_step: 0]
[lambda_l1: 0.633939]
[lambda_l2: 0.0364375]
[min_gain_to_split: 0]
[drop_rate: 0.1]
[max_drop: 50]
[skip_drop: 0.5]
[xgboost_dart_mode: 0]
[uniform_drop: 0]
[drop_seed: 4]
[top_rate: 0.2]
[other_rate: 0.1]
[min_data_per_group: 100]
[max_cat_threshold: 32]
[cat_l2: 10]
[cat_smooth: 10]
[max_cat_to_onehot: 4]
[top_k: 20]
[monotone_constraints: ]
[feature_contri: ]
[forcedsplits_filename: ]
[forcedbins_filename: ]
[refit_decay_rate: 0.9]
[cegb_tradeoff: 1]
[cegb_penalty_split: 0]
[cegb_penalty_feature_lazy: ]
[cegb_penalty_feature_coupled: ]
[verbosity: 1]
[max_bin: 122]
[max_bin_by_feature: ]
[min_data_in_bin: 3]
[bin_construct_sample_cnt: 200000]
[histogram_pool_size: -1]
[data_random_seed: 1]
[output_model: LightGBM_model.txt]
[snapshot_freq: -1]
[input_model: ]
[output_result: LightGBM_predict_result.txt]
[initscore_filename: ]
[valid_data_initscores: ]
[pre_partition: 0]
[enable_bundle: 1]
[max_conflict_rate: 0]
[is_enable_sparse: 1]
[sparse_threshold: 0.8]
[use_missing: 1]
[zero_as_missing: 0]
[two_round: 0]
[save_binary: 0]
[header: 0]
[label_column: ]
[weight_column: ]
[group_column: ]
[ignore_column: ]
[categorical_feature: ]
[predict_raw_score: 0]
[predict_leaf_index: 0]
[predict_contrib: 0]
[num_iteration_predict: -1]
[pred_early_stop: 0]
[pred_early_stop_freq: 10]
[pred_early_stop_margin: 10]
[convert_model_language: ]
[convert_model: gbdt_prediction.cpp]
[num_class: 1]
[is_unbalance: 0]
[scale_pos_weight: 1]
[sigmoid: 1]
[boost_from_average: 1]
[reg_sqrt: 0]
[alpha: 0.9]
[fair_c: 1]
[poisson_max_delta_step: 0.7]
[tweedie_variance_power: 1.5]
[max_position: 20]
[lambdamart_norm: 1]
[label_gain: ]
[metric_freq: 1]
[is_provide_training_metric: 0]
[eval_at: ]
[multi_error_top_k: 1]
[num_machines: 1]
[local_listen_port: 12400]
[time_out: 120]
[machine_list_filename: ]
[machines: ]
[gpu_platform_id: -1]
[gpu_device_id: -1]
[gpu_use_dp: 0]

end of parameters

pandas_categorical:[]
